Data ID	Sub System	Name	ADC No	Packet Type	Packet Subtype	Decode Type	Decode ID1	Decode ID2	Decode ID3	Decode ID4	Raw Format	Eng Format	Eng Eq Type	Eng K1	Eng K2	Sci Units	Sci Format	Sci Eq Type	Sci K1	Sci K2	Sci K3	Sci K4	Sci K5	Sci K6	Sci K7	Sci K8	Mux Ch	Eng Limit Type	Eng Yellow Limit	Eng Red Limit	Sci Limit Type	Sci Yellow Limit	Sci Red Limit
1	CDH	+5D_Vmon	2	5	0	3	1	0	0	0	%d	%.4f	2	1	10	V	%.4f	1	0	2.00008	0	0	0	0	0	0	1	0	0	0	0	0	0
2	CDH	+13A_Vmon	2	5	0	3	2	0	0	0	%d	%.4f	2	1	10	V	%.4f	1	0	4.032013	0	0	0	0	0	0	2	0	0	0	0	0	0
3	CDH	-13A_Vmon	2	5	0	3	3	0	0	0	%d	%.4f	2	1	10	V	%.4f	1	0	4.027598	0	0	0	0	0	0	3	0	0	0	0	0	0
4	CDH	PS_Temp	2	5	0	3	4	0	0	0	%d	%.4f	2	1	10	C	%.1f	4	32768	18700	0.000925626	0.000222443	1.23436E-07	0	0	0	4	0	0	0	0	0	0
5	CDH	VH_Temp	2	5	0	3	5	0	0	0	%d	%.4f	2	1	10	C	%.1f	4	32768	18700	0.000925626	0.000222443	1.23436E-07	0	0	0	5	0	0	0	0	0	0
6	CDH	AGC_Temp	2	5	0	3	6	0	0	0	%d	%.4f	2	1	10	C	%.1f	4	32768	18700	0.000925626	0.000222443	1.23436E-07	0	0	0	6	0	0	0	0	0	0
7	CDH	DET_Temp	2	5	0	3	7	0	0	0	%d	%.4f	2	1	10	C	%.1f	4	32768	18700	0.000925626	0.000222443	1.23436E-07	0	0	0	7	0	0	0	0	0	0
8	CDH	RF_Temp	2	5	0	3	8	0	0	0	%d	%.4f	2	1	10	C	%.1f	4	32768	18700	0.000925626	0.000222443	1.23436E-07	0	0	0	8	0	0	0	0	0	0
9	CDH	CDH_Temp	2	5	0	3	9	0	0	0	%d	%.4f	2	1	10	C	%.1f	4	32768	18700	0.000925626	0.000222443	1.23436E-07	0	0	0	9	0	0	0	0	0	0
10	CDH	-5.7V_+Ref	2	5	0	3	10	0	0	0	%d	%.4f	2	1	10	V	%.4f	1	0	1.999789	0	0	0	0	0	0	10	0	0	0	0	0	0
11	CDH	RF_PRES	2	5	0	3	11	0	0	0	%d	%.4f	2	1	10	mbar	%.1f	1	80.62	734.31	0	0	0	0	0	0	11	0	0	0	0	0	0
12	CDH	HV_Temp	2	5	0	3	12	0	0	0	%d	%.4f	2	1	10	C	%.1f	4	32768	18700	0.000925626	0.000222443	1.23436E-07	0	0	0	12	0	0	0	0	0	0
13	CDH	FLASH_PWR	2	5	0	3	13	0	0	0	%d	%.4f	2	1	10	V	%.3f	1	0	1.25	0	0	0	0	0	0	13	0	0	0	0	0	0
14	CDH	PS1_Imon_-Main	2	5	0	3	14	0	0	0	%d	%.4f	2	1	10	A	%.3f	1	0	0.666666667	0	0	0	0	0	0	14	0	0	0	0	0	0
15	CDH	Nozzle_Vmon	2	5	0	3	15	0	0	0	%d	%.4f	2	1	10	V	%.1f	1	0	-230	0	0	0	0	0	0	15	0	0	0	0	0	0
16	CDH	PS2_Imon_-AUX1	2	5	0	3	16	0	0	0	%d	%.4f	2	1	10	V	%.1f	1	0	1	0	0	0	0	0	0	16	0	0	0	0	0	0
17	CDH	T1_PWA5_GC1	2	5	0	3	17	0	0	0	%d	%.4f	2	1	10	C	%.1f	6	45875.2	51.22686976	-0.007569408	0	0	0	0	0	17	0	0	0	0	0	0
18	CDH	T2_PWA6_GC2	2	5	0	3	18	0	0	0	%d	%.4f	2	1	10	C	%.1f	6	45875.2	51.22686976	-0.007569408	0	0	0	0	0	18	0	0	0	0	0	0
19	CDH	T3_PWA7_GC3	2	5	0	3	19	0	0	0	%d	%.4f	2	1	10	C	%.1f	6	45875.2	51.22686976	-0.007569408	0	0	0	0	0	19	0	0	0	0	0	0
20	CDH	T4_PWB5_GC4	2	5	0	3	20	0	0	0	%d	%.4f	2	1	10	C	%.1f	6	45875.2	51.22686976	-0.007569408	0	0	0	0	0	20	0	0	0	0	0	0
21	CDH	T5_PWB6_GC5	2	5	0	3	21	0	0	0	%d	%.4f	2	1	10	C	%.1f	6	45875.2	51.22686976	-0.007569408	0	0	0	0	0	21	0	0	0	0	0	0
22	CDH	T6_PWB7_GC6	2	5	0	3	22	0	0	0	%d	%.4f	2	1	10	C	%.1f	6	45875.2	51.22686976	-0.007569408	0	0	0	0	0	22	0	0	0	0	0	0
23	CDH	T07_H21_P27	2	5	0	3	23	0	0	0	%d	%.4f	2	1	10	C	%.1f	6	45875.2	51.22686976	-0.007569408	0	0	0	0	0	23	0	0	0	0	0	0
24	CDH	T08_H03_TCD_2	2	5	0	3	24	0	0	0	%d	%.4f	2	1	10	C	%.1f	6	45875.2	51.22686976	-0.007569408	0	0	0	0	0	24	0	0	0	0	0	0
25	CDH	T09_H05_TCD_3	2	5	0	3	25	0	0	0	%d	%.4f	2	1	10	C	%.1f	6	45875.2	51.22686976	-0.007569408	0	0	0	0	0	25	0	0	0	0	0	0
26	CDH	T10_H07_TCD_4	2	5	0	3	26	0	0	0	%d	%.4f	2	1	10	C	%.1f	6	45875.2	51.22686976	-0.007569408	0	0	0	0	0	26	0	0	0	0	0	0
27	CDH	T11_H08_TCD_5	2	5	0	3	27	0	0	0	%d	%.4f	2	1	10	C	%.1f	6	45875.2	51.22686976	-0.007569408	0	0	0	0	0	27	0	0	0	0	0	0
28	CDH	T12_H09_TCD_6	2	5	0	3	28	0	0	0	%d	%.4f	2	1	10	C	%.1f	6	45875.2	51.22686976	-0.007569408	0	0	0	0	0	28	0	0	0	0	0	0
29	CDH	T13_H10_IT_1	2	5	0	3	29	0	0	0	%d	%.4f	2	1	10	C	%.1f	6	45875.2	51.22686976	-0.007569408	0	0	0	0	0	29	0	0	0	0	0	0
30	CDH	T14_H11_IT_2	2	5	0	3	30	0	0	0	%d	%.4f	2	1	10	C	%.1f	6	45875.2	51.22686976	-0.007569408	0	0	0	0	0	30	0	0	0	0	0	0
31	CDH	T15_H12_IT_3	2	5	0	3	31	0	0	0	%d	%.4f	2	1	10	C	%.1f	6	45875.2	51.22686976	-0.007569408	0	0	0	0	0	31	0	0	0	0	0	0
32	CDH	T16_H246TEC123	2	5	0	3	32	0	0	0	%d	%.4f	2	1	10	C	%.1f	6	45875.2	51.22686976	-0.007569408	0	0	0	0	0	32	0	0	0	0	0	0
33	CDH	T51_H13_P19/20	2	5	0	3	33	0	0	0	%d	%.4f	2	1	10	C	%.1f	6	45875.2	51.22686976	-0.007569408	0	0	0	0	0	33	0	0	0	0	0	0
34	CDH	T35_H30_P33	2	5	0	3	34	0	0	0	%d	%.4f	2	1	10	C	%.1f	6	45875.2	51.22686976	-0.007569408	0	0	0	0	0	34	0	0	0	0	0	0
35	CDH	T43_H42_P21	2	5	0	3	35	0	0	0	%d	%.4f	2	1	10	C	%.1f	6	45875.2	51.22686976	-0.007569408	0	0	0	0	0	35	0	0	0	0	0	0
36	CDH	T46_H45_Inlt_1	2	5	0	3	36	0	0	0	%d	%.4f	2	1	10	C	%.1f	6	45875.2	51.22686976	-0.007569408	0	0	0	0	0	36	0	0	0	0	0	0
37	CDH	T28_H20_P52/28	2	5	0	3	37	0	0	0	%d	%.4f	2	1	10	C	%.1f	6	45875.2	51.22686976	-0.007569408	0	0	0	0	0	37	0	0	0	0	0	0
38	CDH	T37_H39_TLS_Vt	2	5	0	3	38	0	0	0	%d	%.4f	2	1	10	C	%.1f	6	45875.2	51.22686976	-0.007569408	0	0	0	0	0	38	0	0	0	0	0	0
39	CDH	T29_H25_P30	2	5	0	3	39	0	0	0	%d	%.4f	2	1	10	C	%.1f	6	45875.2	51.22686976	-0.007569408	0	0	0	0	0	39	0	0	0	0	0	0
40	CDH	T33_H28_P31	2	5	0	3	40	0	0	0	%d	%.4f	2	1	10	C	%.1f	6	45875.2	51.22686976	-0.007569408	0	0	0	0	0	40	0	0	0	0	0	0
41	CDH	T34_H29_P32	2	5	0	3	41	0	0	0	%d	%.4f	2	1	10	C	%.1f	6	45875.2	51.22686976	-0.007569408	0	0	0	0	0	41	0	0	0	0	0	0
42	CDH	T36_H26_P34	2	5	0	3	42	0	0	0	%d	%.4f	2	1	10	C	%.1f	6	45875.2	51.22686976	-0.007569408	0	0	0	0	0	42	0	0	0	0	0	0
43	CDH	T47_He_1	2	5	0	3	43	0	0	0	%d	%.4f	2	1	10	C	%.1f	6	45875.2	51.22686976	-0.007569408	0	0	0	0	0	43	0	0	0	0	0	0
44	CDH	T56_H38_TLS_Hi	2	5	0	3	44	0	0	0	%d	%.4f	2	1	10	C	%.1f	6	45875.2	51.22686976	-0.007569408	0	0	0	0	0	44	0	0	0	0	0	0
45	CDH	T23_H19_MN11	2	5	0	3	45	0	0	0	%d	%.4f	2	1	10	C	%.1f	6	45875.2	51.22686976	-0.007569408	0	0	0	0	0	45	0	0	0	0	0	0
46	CDH	T31_H27_MN15	2	5	0	3	46	0	0	0	%d	%.4f	2	1	10	C	%.1f	6	45875.2	51.22686976	-0.007569408	0	0	0	0	0	46	0	0	0	0	0	0
47	CDH	T58_H55_P50	2	5	0	3	47	0	0	0	%d	%.4f	2	1	10	C	%.1f	6	45875.2	51.22686976	-0.007569408	0	0	0	0	0	47	0	0	0	0	0	0
48	CDH	T53_H50_P48_MN	2	5	0	3	48	0	0	0	%d	%.4f	2	1	10	C	%.1f	6	45875.2	51.22686976	-0.007569408	0	0	0	0	0	48	0	0	0	0	0	0
49	CDH	T57_H51_MN4	2	5	0	3	49	0	0	0	%d	%.4f	2	1	10	C	%.1f	6	45875.2	51.22686976	-0.007569408	0	0	0	0	0	49	0	0	0	0	0	0
50	CDH	T59_H57_MN5	2	5	0	3	50	0	0	0	%d	%.4f	2	1	10	C	%.1f	6	45875.2	51.22686976	-0.007569408	0	0	0	0	0	50	0	0	0	0	0	0
51	CDH	T42_H41_SSIT_L	2	5	0	3	51	0	0	0	%d	%.4f	2	1	10	C	%.1f	6	45875.2	51.22686976	-0.007569408	0	0	0	0	0	51	0	0	0	0	0	0
52	CDH	T40_H41_SSIT_U	2	5	0	3	52	0	0	0	%d	%.4f	2	1	10	C	%.1f	6	45875.2	51.22686976	-0.007569408	0	0	0	0	0	52	0	0	0	0	0	0
53	CDH	T60_H58_Trp_Ht	2	5	0	3	53	0	0	0	%d	%.4f	2	1	10	C	%.1f	6	45875.2	51.22686976	-0.007569408	0	0	0	0	0	53	0	0	0	0	0	0
54	CDH	T62_TECA/B	2	5	0	3	54	0	0	0	%d	%.4f	2	1	10	C	%.1f	6	45875.2	51.22686976	-0.007569408	0	0	0	0	0	54	0	0	0	0	0	0
55	CDH	T41_H41_SSIT_U	2	5	0	3	55	0	0	0	%d	%.4f	2	1	10	C	%.1f	6	45875.2	51.22686976	-0.007569408	0	0	0	0	0	55	0	0	0	0	0	0
56	CDH	T63_H59_P51	2	5	0	3	56	0	0	0	%d	%.4f	2	1	10	C	%.1f	6	45875.2	51.22686976	-0.007569408	0	0	0	0	0	56	0	0	0	0	0	0
57	CDH	T45_H44_P40_MN	2	5	0	3	57	0	0	0	%d	%.4f	2	1	10	C	%.1f	6	45875.2	51.22686976	-0.007569408	0	0	0	0	0	57	0	0	0	0	0	0
58	CDH	T49_H46_MN2	2	5	0	3	58	0	0	0	%d	%.4f	2	1	10	C	%.1f	6	45875.2	51.22686976	-0.007569408	0	0	0	0	0	58	0	0	0	0	0	0
59	CDH	T54_H40_MN6	2	5	0	3	59	0	0	0	%d	%.4f	2	1	10	C	%.1f	6	45875.2	51.22686976	-0.007569408	0	0	0	0	0	59	0	0	0	0	0	0
60	CDH	T61_H56_MN7	2	5	0	3	60	0	0	0	%d	%.4f	2	1	10	C	%.1f	6	45875.2	51.22686976	-0.007569408	0	0	0	0	0	60	0	0	0	0	0	0
61	CDH	T17_H14_P22	2	5	0	3	61	0	0	0	%d	%.4f	2	1	10	C	%.1f	6	45875.2	51.22686976	-0.007569408	0	0	0	0	0	61	0	0	0	0	0	0
62	CDH	T52_H48_T46/47	2	5	0	3	62	0	0	0	%d	%.4f	2	1	10	C	%.1f	6	45875.2	51.22686976	-0.007569408	0	0	0	0	0	62	0	0	0	0	0	0
63	CDH	T27_H31_P1/2/3	2	5	0	3	63	0	0	0	%d	%.4f	2	1	10	C	%.1f	6	45875.2	51.22686976	-0.007569408	0	0	0	0	0	63	0	0	0	0	0	0
64	CDH	T26_H32_P4/5/6	2	5	0	3	64	0	0	0	%d	%.4f	2	1	10	C	%.1f	6	45875.2	51.22686976	-0.007569408	0	0	0	0	0	64	0	0	0	0	0	0
65	CDH	T32_H33_P13_Cp	2	5	0	3	65	0	0	0	%d	%.4f	2	1	10	C	%.1f	6	45875.2	51.22686976	-0.007569408	0	0	0	0	0	65	0	0	0	0	0	0
66	CDH	T24_H35_P16_Cp	2	5	0	3	66	0	0	0	%d	%.4f	2	1	10	C	%.1f	6	45875.2	51.22686976	-0.007569408	0	0	0	0	0	66	0	0	0	0	0	0
67	CDH	T39_H34_P14_Cp	2	5	0	3	67	0	0	0	%d	%.4f	2	1	10	C	%.1f	6	45875.2	51.22686976	-0.007569408	0	0	0	0	0	67	0	0	0	0	0	0
68	CDH	T30_H36_P17_Cp	2	5	0	3	68	0	0	0	%d	%.4f	2	1	10	C	%.1f	6	45875.2	51.22686976	-0.007569408	0	0	0	0	0	68	0	0	0	0	0	0
69	CDH	T19_H17_QMS_Hs	2	5	0	3	69	0	0	0	%d	%.4f	2	1	10	C	%.1f	6	45875.2	51.22686976	-0.007569408	0	0	0	0	0	69	0	0	0	0	0	0
70	CDH	T48_H47_P41	2	5	0	3	70	0	0	0	%d	%.4f	2	1	10	C	%.1f	6	45875.2	51.22686976	-0.007569408	0	0	0	0	0	70	0	0	0	0	0	0
71	CDH	T55_H52_H2O	2	5	0	3	71	0	0	0	%d	%.4f	2	1	10	C	%.1f	6	45875.2	51.22686976	-0.007569408	0	0	0	0	0	71	0	0	0	0	0	0
72	CDH	T44_H43_P36	2	5	0	3	72	0	0	0	%d	%.4f	2	1	10	C	%.1f	6	45875.2	51.22686976	-0.007569408	0	0	0	0	0	72	0	0	0	0	0	0
73	CDH	T50_H54_CO2	2	5	0	3	73	0	0	0	%d	%.4f	2	1	10	C	%.1f	6	45875.2	51.22686976	-0.007569408	0	0	0	0	0	73	0	0	0	0	0	0
74	CDH	T22_H18_MN10	2	5	0	3	74	0	0	0	%d	%.4f	2	1	10	C	%.1f	6	45875.2	51.22686976	-0.007569408	0	0	0	0	0	74	0	0	0	0	0	0
75	CDH	T18_H15_P23	2	5	0	3	75	0	0	0	%d	%.4f	2	1	10	C	%.1f	6	45875.2	51.22686976	-0.007569408	0	0	0	0	0	75	0	0	0	0	0	0
76	CDH	T38_H53_Inlet	2	5	0	3	76	0	0	0	%d	%.4f	2	1	10	C	%.1f	6	45875.2	51.22686976	-0.007569408	0	0	0	0	0	76	0	0	0	0	0	0
77	CDH	T25_H23_Sewer	2	5	0	3	77	0	0	0	%d	%.4f	2	1	10	C	%.1f	6	45875.2	51.22686976	-0.007569408	0	0	0	0	0	77	0	0	0	0	0	0
78	CDH	T66_H49_P15_Cp	2	5	0	3	78	0	0	0	%d	%.4f	2	1	10	C	%.1f	6	45875.2	51.22686976	-0.007569408	0	0	0	0	0	78	0	0	0	0	0	0
79	CDH	T67_H60_P18_Cp	2	5	0	3	79	0	0	0	%d	%.4f	2	1	10	C	%.1f	6	45875.2	51.22686976	-0.007569408	0	0	0	0	0	79	0	0	0	0	0	0
80	CDH	T64_Ref_1.00K	2	5	0	3	80	0	0	0	%d	%.4f	2	1	10	V	%.1f	1	0	1	0	0	0	0	0	0	80	0	0	0	0	0	0
81	CDH	PT_TEMP	2	5	0	3	81	0	0	0	%d	%.4f	2	1	10	C	%.1f	4	32768	18700	0.000925626	0.000222443	1.23436E-07	0	0	0	81	0	0	0	0	0	0
82	CDH	PT_+5R_MON	2	5	0	3	82	0	0	0	%d	%.4f	2	1	10	V	%.3f	1	0	2	0	0	0	0	0	0	82	0	0	0	0	0	0
83	CDH	PWMA_Imon	2	5	0	3	83	0	0	0	%d	%.4f	2	1	10	A	%.3f	1	0	1	0	0	0	0	0	0	83	0	0	0	0	0	0
84	CDH	PWMA_Vmon	2	5	0	3	84	0	0	0	%d	%.4f	2	1	10	V	%.4f	1	0	-2	0	0	0	0	0	0	84	0	0	0	0	0	0
85	CDH	PWMA_DAC	2	5	0	3	85	0	0	0	%d	%.4f	2	1	10	V	%.3f	1	0	-2	0	0	0	0	0	0	85	0	0	0	0	0	0
86	CDH	PWMB_Imon	2	5	0	3	86	0	0	0	%d	%.4f	2	1	10	A	%.3f	1	0	1	0	0	0	0	0	0	86	0	0	0	0	0	0
87	CDH	PWMB_Vmon	2	5	0	3	87	0	0	0	%d	%.4f	2	1	10	V	%.4f	1	0	-2	0	0	0	0	0	0	87	0	0	0	0	0	0
88	CDH	PWMB_DAC	2	5	0	3	88	0	0	0	%d	%.4f	2	1	10	V	%.4f	1	0	-2	0	0	0	0	0	0	88	0	0	0	0	0	0
89	CDH	PRES_1_He1	2	5	0	3	89	0	0	0	%d	%.4f	2	1	10	psi	%.0f	1	86.21159418	755.8755271	0	0	0	0	0	0	89	0	0	0	0	0	0
90	CDH	PRES_2_He2	2	5	0	3	90	0	0	0	%d	%.4f	2	1	10	psi	%.0f	1	70.3660012	856.4948893	0	0	0	0	0	0	90	0	0	0	0	0	0
91	CDH	PRES_3_MN7	2	5	0	3	91	0	0	0	%d	%.4f	2	1	10	mb	%.1f	1	119.2904066	255.6758233	0	0	0	0	0	0	91	0	0	0	0	0	0
92	CDH	PRES_4_MN6	2	5	0	3	92	0	0	0	%d	%.4f	2	1	10	mb	%.1f	1	-516.9394654	271.215338	0	0	0	0	0	0	92	0	0	0	0	0	0
93	CDH	PT_GND_Ref	2	5	0	3	93	0	0	0	%d	%.4f	2	1	10	V	%.4f	1	0	1	0	0	0	0	0	0	93	0	0	0	0	0	0
94	CDH	CDH_27Vmon	2	5	0	3	94	0	0	0	%d	%.4f	2	1	-10	V	%.1f	1	-0.00200378	6.6713381	0	0	0	0	0	0	103	0	0	0	0	0	0
95	CDH	PT_Not_Used_2	2	5	0	3	95	0	0	0	%d	%.4f	2	1	10	V	%.1f	1	0	1	0	0	0	0	0	0	103	0	0	0	0	0	0
96	CDH	PT_Not_Used_3	2	5	0	3	96	0	0	0	%d	%.4f	2	1	10	V	%.1f	1	0	1	0	0	0	0	0	0	103	0	0	0	0	0	0
97	CDH	FIL1_Vmon	2	5	0	3	97	0	0	0	%d	%.4f	2	1	10	V	%.3f	1	0	4	0	0	0	0	0	0	97	0	0	0	0	0	0
98	CDH	FIL2_Vmon	2	5	0	3	98	0	0	0	%d	%.4f	2	1	10	V	%.3f	1	0	4	0	0	0	0	0	0	98	0	0	0	0	0	0
99	CDH	FIL1_Emon	2	5	0	3	99	0	0	0	%d	%.4f	2	1	10	V	%.3f	1	0	-100	0	0	0	0	0	0	99	0	0	0	0	0	0
100	CDH	Fil_BA_Vmon	2	5	0	3	100	0	0	0	%d	%.4f	2	1	10	V	%.3f	1	0	4	0	0	0	0	0	0	100	0	0	0	0	0	0
101	CDH	FIL_BA_Emon	2	5	0	3	101	0	0	0	%d	%.4f	2	1	10	uA	%.1f	1	0	200	0	0	0	0	0	0	101	0	0	0	0	0	0
102	CDH	Ion_Rep_Imon	2	5	0	3	102	0	0	0	%d	%.4f	2	1	10	uA	%.1f	1	0	2.857142857	0	0	0	0	0	0	102	0	0	0	0	0	0
103	CDH	GND_Ref	2	5	0	3	103	0	0	0	%d	%.4f	2	1	10	V	%.1f	1	0	1	0	0	0	0	0	0	103	0	0	0	0	0	0
104	CDH	I_ACC_Imon	2	5	0	3	104	0	0	0	%d	%.4f	2	1	10	uA	%.1f	1	0	2.857142857	0	0	0	0	0	0	104	0	0	0	0	0	0
105	CDH	IFA_Imon	2	5	0	3	105	0	0	0	%d	%.4f	2	1	10	uA	%.1f	1	0	21.05263158	0	0	0	0	0	0	105	0	0	0	0	0	0
106	CDH	IFC_(R_Fix-1)	2	5	0	3	106	0	0	0	%d	%.4f	2	1	10	uA	%.1f	1	0	191.2045889	0	0	0	0	0	0	106	0	0	0	0	0	0
107	CDH	IFB_(R_Fix-2)	2	5	0	3	107	0	0	0	%d	%.4f	2	1	10	uA	%.1f	1	0	120.3369434	0	0	0	0	0	0	107	0	0	0	0	0	0
108	CDH	NOT_USED_Rfix3	2	5	0	3	108	0	0	0	%d	%.4f	2	1	10	uA	%.1f	1	0	1	0	0	0	0	0	0	108	0	0	0	0	0	0
109	CDH	NOT_USED_Rfix4	2	5	0	3	109	0	0	0	%d	%.4f	2	1	10	uA	%.1f	1	0	1	0	0	0	0	0	0	109	0	0	0	0	0	0
110	CDH	NOT_USED_Rfix5	2	5	0	3	110	0	0	0	%d	%.4f	2	1	10	uA	%.1f	1	0	1	0	0	0	0	0	0	110	0	0	0	0	0	0
111	CDH	FB_-13A_Vmon	2	5	0	3	111	0	0	0	%d	%.4f	2	1	10	V	%.3f	1	0	3.004008016	0	0	0	0	0	0	111	0	0	0	0	0	0
112	CDH	FB_Tmon	2	5	0	3	112	0	0	0	%d	%.4f	2	1	10	C	%.1f	4	32768	18700	0.000925626	0.000222443	1.23436E-07	0	0	0	112	0	0	0	0	0	0
113	CDH	FIL1_Imon	2	5	0	3	113	0	0	0	%d	%.4f	2	1	10	A	%.3f	1	0	1.018415179	0	0	0	0	0	0	113	0	0	0	0	0	0
114	CDH	FIL2_Imon	2	5	0	3	114	0	0	0	%d	%.4f	2	1	10	A	%.3f	1	0	0.5	0	0	0	0	0	0	114	0	0	0	0	0	0
115	CDH	FIL2_EMON	2	5	0	3	115	0	0	0	%d	%.4f	2	1	10	uA	%.1f	1	0	-100	0	0	0	0	0	0	115	0	0	0	0	0	0
116	CDH	Fil_BA_Imon	2	5	0	3	116	0	0	0	%d	%.4f	2	1	10	uA	%.1f	1	0	200000	0	0	0	0	0	0	116	0	0	0	0	0	0
117	CDH	BA_PRESS	2	5	0	3	117	0	0	0	%d	%.4f	2	1	10	torr	%.1f	1	0	1.50012337	0	0	0	0	0	0	117	0	0	0	0	0	0
118	CDH	THERM_PRESS	2	5	0	3	118	0	0	0	%d	%.4f	2	1	10	mb	%.1f	1	0	1	0	0	0	0	0	0	118	0	0	0	0	0	0
119	CDH	WINDOW_Vmon	2	5	0	3	119	0	0	0	%d	%.4f	2	1	10	V	%.1f	1	0	21.05263158	0	0	0	0	0	0	119	0	0	0	0	0	0
120	CDH	MASK_I__(RF-6)	2	5	0	3	120	0	0	0	%d	%.4f	2	1	10	V	%.1f	1	0	1	0	0	0	0	0	0	120	0	0	0	0	0	0
121	CDH	MASK_II_(RF-7)	2	5	0	3	121	0	0	0	%d	%.4f	2	1	10	V	%.1f	1	0	4229.855721	0	0	0	0	0	0	121	0	0	0	0	0	0
122	CDH	EL_(R_Fix-8)	2	5	0	3	122	0	0	0	%d	%.4f	2	1	10	V	%.1f	1	0	9951.248756	0	0	0	0	0	0	122	0	0	0	0	0	0
123	CDH	BS_Lens_(RF-9)	2	5	0	3	123	0	0	0	%d	%.4f	2	1	10	V	%.1f	1	0	27.63930348	0	0	0	0	0	0	123	0	0	0	0	0	0
124	CDH	FB_+5Ref_Vmon	2	5	0	3	124	0	0	0	%d	%.4f	2	1	10	V	%.3f	1	0	2	0	0	0	0	0	0	124	0	0	0	0	0	0
125	CDH	FB_-5Ref_Vmon	2	5	0	3	125	0	0	0	%d	%.4f	2	1	10	V	%.3f	1	0	2	0	0	0	0	0	0	125	0	0	0	0	0	0
126	CDH	T65_Q3_Th	2	5	0	3	126	0	0	0	%d	%.4f	2	1	10	C	%.1f	4	32768	18700	0.000925626	0.000222443	1.23436E-07	0	0	0	126	0	0	0	0	0	0
127	CDH	T20_IS_Therm	2	5	0	3	127	0	0	0	%d	%.4f	2	1	10	C	%.1f	4	32768	18700	0.001059882	0.0002323	2.01915E-07	0	0	0	127	0	0	0	0	0	0
128	CDH	T21_IS_Therm	2	5	0	3	128	0	0	0	%d	%.4f	2	1	10	C	%.1f	4	32768	18700	0.001059882	0.0002323	2.01915E-07	0	0	0	128	0	0	0	0	0	0
129	CDH	FS_1_Imon_AF-1	2	5	0	3	129	0	0	0	%d	%.4f	2	1	10	uA	%.1f	1	0	2000	0	0	0	0	0	0	129	0	0	0	0	0	0
130	CDH	EF1A_Imon_AF-2	2	5	0	3	130	0	0	0	%d	%.4f	2	1	10	uA	%.1f	1	0	2000	0	0	0	0	0	0	130	0	0	0	0	0	0
131	CDH	EF1B_Imon_AF-3	2	5	0	3	131	0	0	0	%d	%.4f	2	1	10	uA	%.1f	1	0	2000	0	0	0	0	0	0	131	0	0	0	0	0	0
132	CDH	EF1C_Imon_AF-4	2	5	0	3	132	0	0	0	%d	%.4f	2	1	10	uA	%.1f	1	0	2000	0	0	0	0	0	0	132	0	0	0	0	0	0
133	CDH	EF1D_Imon_AF-5	2	5	0	3	133	0	0	0	%d	%.4f	2	1	10	uA	%.1f	1	0	2000	0	0	0	0	0	0	133	0	0	0	0	0	0
134	CDH	EA_1_Imon_AF-6	2	5	0	3	134	0	0	0	%d	%.4f	2	1	10	uA	%.1f	1	0	-4000	0	0	0	0	0	0	134	0	0	0	0	0	0
135	CDH	ANODE1_Imon_-7	2	5	0	3	135	0	0	0	%d	%.4f	2	1	10	uA	%.1f	1	0	-4000	0	0	0	0	0	0	135	0	0	0	0	0	0
136	CDH	FS_2_Imon_AF-8	2	5	0	3	136	0	0	0	%d	%.4f	2	1	10	uA	%.1f	1	0	2000	0	0	0	0	0	0	136	0	0	0	0	0	0
137	CDH	EF2A_Imon_AF-9	2	5	0	3	137	0	0	0	%d	%.4f	2	1	10	uA	%.1f	1	0	2000	0	0	0	0	0	0	137	0	0	0	0	0	0
138	CDH	EF2B_Imon_AF10	2	5	0	3	138	0	0	0	%d	%.4f	2	1	10	uA	%.1f	1	0	2000	0	0	0	0	0	0	138	0	0	0	0	0	0
139	CDH	EF2C_Imon_AF11	2	5	0	3	139	0	0	0	%d	%.4f	2	1	10	uA	%.1f	1	0	2000	0	0	0	0	0	0	139	0	0	0	0	0	0
140	CDH	EF2D_Imon_AF12	2	5	0	3	140	0	0	0	%d	%.4f	2	1	10	uA	%.1f	1	0	2000	0	0	0	0	0	0	140	0	0	0	0	0	0
141	CDH	EA_2_Imon_AF13	2	5	0	3	141	0	0	0	%d	%.4f	2	1	10	uA	%.1f	1	0	-4000	0	0	0	0	0	0	141	0	0	0	0	0	0
142	CDH	ANODE2_Imon_14	2	5	0	3	142	0	0	0	%d	%.4f	2	1	10	uA	%.1f	1	0	-4000	0	0	0	0	0	0	142	0	0	0	0	0	0
143	CDH	BA_Grid_Imon	2	5	0	3	143	0	0	0	%d	%.4f	2	1	10	uA	%.1f	1	0	4000	0	0	0	0	0	0	143	0	0	0	0	0	0
144	CDH	FB_GND_Ref	2	5	0	3	144	0	0	0	%d	%.4f	2	1	10	V	%.1f	1	0	1	0	0	0	0	0	0	144	0	0	0	0	0	0
145	CDH	CDH_+5_VRef	2	5	0	3	145	0	0	0	%d	%.4f	2	1	10	V	%.4f	1	0	2.002203	0	0	0	0	0	0	145	0	0	0	0	0	0
146	CDH	CDH_+3.3D_Vmon	2	5	0	3	146	0	0	0	%d	%.4f	2	1	10	V	%.4f	1	0	1	0	0	0	0	0	0	146	0	0	0	0	0	0
147	CDH	CDH_+2.5_Vmon	2	5	0	3	147	0	0	0	%d	%.4f	2	1	10	V	%.4f	1	0	1	0	0	0	0	0	0	147	0	0	0	0	0	0
148	CDH	+160_RF_Vmon	2	5	0	3	148	0	0	0	%d	%.4f	2	1	10	V	%.2f	1	0	40.107203	0	0	0	0	0	0	148	0	0	0	0	0	0
149	CDH	-160_RF_Vmon	2	5	0	3	149	0	0	0	%d	%.4f	2	1	10	V	%.2f	1	0	40.413646	0	0	0	0	0	0	149	0	0	0	0	0	0
150	CDH	+80_RF_Vmon	2	5	0	3	150	0	0	0	%d	%.4f	2	1	10	V	%.3f	1	0	20.127113	0	0	0	0	0	0	150	0	0	0	0	0	0
151	CDH	CDH_+15RF_Vmon	2	5	0	3	151	0	0	0	%d	%.4f	2	1	10	V	%.3f	1	0	4.03036	0	0	0	0	0	0	151	0	0	0	0	0	0
152	CDH	CDH_-15RF_Vmon	2	5	0	3	152	0	0	0	%d	%.4f	2	1	10	V	%.3f	1	0	3.999363	0	0	0	0	0	0	152	0	0	0	0	0	0
153	CDH	CDH_+12M_Vmon	2	5	0	3	153	0	0	0	%d	%.4f	2	1	10	V	%.3f	1	0	4.009708738	0	0	0	0	0	0	153	0	0	0	0	0	0
154	CDH	CDH_-5VRef	2	5	0	3	154	0	0	0	%d	%.4f	2	1	10	V	%.3f	1	0	1.995649	0	0	0	0	0	0	154	0	0	0	0	0	0
201	CDH	PS1_Imon_Main	1	5	0	2	201	0	0	0	%d	%.4f	2	1	10	A	%.4f	1	0	0.666666667	0	0	0	0	0	0	1	0	0	0	0	0	0
202	CDH	PS2_Imon_AUX1	1	5	0	2	202	0	0	0	%d	%.4f	2	1	10	A	%.4f	1	0	0.666666667	0	0	0	0	0	0	2	0	0	0	0	0	0
203	CDH	PS3_Imon_AUX2	1	5	0	2	203	0	0	0	%d	%.4f	2	1	10	A	%.4f	1	0	0.666666667	0	0	0	0	0	0	3	0	0	0	0	0	0
204	CDH	EM1_Imon	1	5	0	2	204	0	0	0	%d	%.4f	2	1	10	A	%.4f	1	0	-16.66	0	0	0	0	0	0	4	0	0	0	0	0	0
205	CDH	EM2_Imon	1	5	0	2	205	0	0	0	%d	%.4f	2	1	10	A	%.4f	1	0	-16.66	0	0	0	0	0	0	5	0	0	0	0	0	0
206	CDH	Faraday_Low	1	5	0	2	206	0	0	0	%d	%.4f	2	1	10	pA	%.4f	1	0	200	0	0	0	0	0	0	6	0	0	0	0	0	0
207	CDH	Faraday_Hi	1	5	0	2	207	0	0	0	%d	%.4f	2	1	10	pA	%.4f	1	0	20	0	0	0	0	0	0	7	0	0	0	0	0	0
208	CDH	MULTANA1	1	5	0	2	208	0	0	0	%d	%.4f	2	1	10	A	%.4f	1	0	1	0	0	0	0	0	0	8	0	0	0	0	0	0
209	CDH	MULTANA2	1	5	0	2	209	0	0	0	%d	%.4f	2	1	10	A	%.4f	1	0	1	0	0	0	0	0	0	9	0	0	0	0	0	0
210	CDH	CAP+_Vmon	1	5	0	2	210	0	0	0	%d	%.4f	2	1	10	V	%.4f	1	0	6.348101266	0	0	0	0	0	0	10	0	0	0	0	0	0
211	CDH	CAP-_Vmon	1	5	0	2	211	0	0	0	%d	%.4f	2	1	10	V	%.4f	1	0	6.348101266	0	0	0	0	0	0	11	0	0	0	0	0	0
212	CDH	+28Heat_Vmon	1	5	0	2	212	0	0	0	%d	%.4f	2	1	10	V	%.4f	1	0	6.216049383	0	0	0	0	0	0	12	0	0	0	0	0	0
213	CDH	+10Heat_Vmon	1	5	0	2	213	0	0	0	%d	%.4f	2	1	10	V	%.4f	1	0	0.37688	0	0	0	0	0	0	13	0	0	0	0	0	0
214	CDH	VH_+15C_Vmon	1	5	0	2	214	0	0	0	%d	%.4f	2	1	10	V	%.4f	1	0	3.318936877	0	0	0	0	0	0	14	0	0	0	0	0	0
215	CDH	RF_AGC	1	5	0	2	215	0	0	0	%d	%.4f	2	1	10	V	%.4f	1	0	3.318936877	0	0	0	0	0	0	15	0	0	0	0	0	0
216	CDH	PS4_Imon_-MOT	1	5	0	2	216	0	0	0	%d	%.4f	2	1	10	A	%.4f	0	-0.024873918	0.625597296	0	0	0	0	0	0	16	0	0	0	0	0	0
217	CDH	Pyrol_A_Temp	0	5	0	5	0x07	0x01	0	0	%d	%.4f	2	1	10	C	%.1f	1	-397.21	-975.66	1229.508	0	0	0	0	0	0	0	0	0	0	0	0
218	CDH	CDH_27VmonHS	0	5	0	11	0	0	0	0	%d	%.4f	2	1	-10	V	%.1f	1	-0.00200378	6.6713381	0	0	0	0	0	0	0	0	0	0	0	0	0
219	CDH	PulseCounter	0	5	0	7	0	0	0	0	%d	%.0f	1	0	58.82352941	c/s	%.0f	1	0	58.82352941	0	0	0	0	0	0	0	0	0	0	0	0	0
221	CDH	Cntr_3_RF_Cnt	0	5	0	8	0	0	0	0	%d	%.0f	1	0	1	MHz	%.4f	1	0	2.94118E-05	0	0	0	0	0	0	0	0	0	0	0	0	0
222	CDH	Pyrol_A_DAC	0	5	0	4	0x07	0x01	0	0	%d	%.4f	1	0	0.000152588	V	%.4f	1	0	1	0	0	0	0	0	0	0	0	0	0	0	0	0
223	CDH	Pyrol_B_DAC	0	5	0	4	0x38	0x08	0	0	%d	%.4f	1	0	0.000152588	V	%.4f	1	0	1	0	0	0	0	0	0	0	0	0	0	0	0	0
224	CDH	Pyrol_A_BLTemp	0	5	0	5	0x07	0x01	0	0	%d	%.4f	2	1	10	C	%.1f	1	-10	-105.6	0	0	0	0	0	0	0	0	0	0	0	0	0
240	GPS	31X (Vsw-1)	0	12	0	1	0	1	1	0	%d	%d	0	0	1	na	%d	0	0	1	0	0	0	0	0	0	0	0	0	0	0	0	0
241	GPS	44X (Vsw-2)	0	12	0	1	0	1	2	0	%d	%d	0	0	1	na	%d	0	0	1	0	0	0	0	0	0	0	0	0	0	0	0	0
242	GPS	29X (Vsw-3)	0	12	0	1	0	1	4	0	%d	%d	0	0	1	na	%d	0	0	1	0	0	0	0	0	0	0	0	0	0	0	0	0
243	GPS	30X (Vsw-4)	0	12	0	1	0	1	8	0	%d	%d	0	0	1	na	%d	0	0	1	0	0	0	0	0	0	0	0	0	0	0	0	0
244	GPS	32X (Vsw-5)	0	12	0	1	0	1	16	0	%d	%d	0	0	1	na	%d	0	0	1	0	0	0	0	0	0	0	0	0	0	0	0	0
245	GPS	33X (Vsw-6)	0	12	0	1	0	1	32	0	%d	%d	0	0	1	na	%d	0	0	1	0	0	0	0	0	0	0	0	0	0	0	0	0
246	GPS	51X (Vsw-7)	0	12	0	1	0	1	64	0	%d	%d	0	0	1	na	%d	0	0	1	0	0	0	0	0	0	0	0	0	0	0	0	0
247	GPS	52X (Vsw-8)	0	12	0	1	0	1	128	0	%d	%d	0	0	1	na	%d	0	0	1	0	0	0	0	0	0	0	0	0	0	0	0	0
248	GPS	50X (Vsw-9)	0	12	0	1	1	1	1	0	%d	%d	0	0	1	na	%d	0	0	1	0	0	0	0	0	0	0	0	0	0	0	0	0
249	GPS	13X (Vsw-10)	0	12	0	1	1	1	2	0	%d	%d	0	0	1	na	%d	0	0	1	0	0	0	0	0	0	0	0	0	0	0	0	0
250	GPS	14X (Vsw-11)	0	12	0	1	1	1	4	0	%d	%d	0	0	1	na	%d	0	0	1	0	0	0	0	0	0	0	0	0	0	0	0	0
251	GPS	15X (Vsw-12)	0	12	0	1	1	1	8	0	%d	%d	0	0	1	na	%d	0	0	1	0	0	0	0	0	0	0	0	0	0	0	0	0
252	GPS	16X (Vsw-13)	0	12	0	1	1	1	16	0	%d	%d	0	0	1	na	%d	0	0	1	0	0	0	0	0	0	0	0	0	0	0	0	0
253	GPS	17X (Vsw-14)	0	12	0	1	1	1	32	0	%d	%d	0	0	1	na	%d	0	0	1	0	0	0	0	0	0	0	0	0	0	0	0	0
254	GPS	18X (Vsw-15)	0	12	0	1	1	1	64	0	%d	%d	0	0	1	na	%d	0	0	1	0	0	0	0	0	0	0	0	0	0	0	0	0
255	GPS	19X (Vsw-16)	0	12	0	1	1	1	128	0	%d	%d	0	0	1	na	%d	0	0	1	0	0	0	0	0	0	0	0	0	0	0	0	0
256	GPS	20X (Vsw-17)	0	12	0	1	2	1	1	0	%d	%d	0	0	1	na	%d	0	0	1	0	0	0	0	0	0	0	0	0	0	0	0	0
257	GPS	21X (Vsw-18)	0	12	0	1	2	1	2	0	%d	%d	0	0	1	na	%d	0	0	1	0	0	0	0	0	0	0	0	0	0	0	0	0
258	GPS	22X (Vsw-19)	0	12	0	1	2	1	4	0	%d	%d	0	0	1	na	%d	0	0	1	0	0	0	0	0	0	0	0	0	0	0	0	0
259	GPS	23X (Vsw-20)	0	12	0	1	2	1	8	0	%d	%d	0	0	1	na	%d	0	0	1	0	0	0	0	0	0	0	0	0	0	0	0	0
260	GPS	24X (Vsw-21)	0	12	0	1	2	1	16	0	%d	%d	0	0	1	na	%d	0	0	1	0	0	0	0	0	0	0	0	0	0	0	0	0
261	GPS	25X (Vsw-22)	0	12	0	1	2	1	32	0	%d	%d	0	0	1	na	%d	0	0	1	0	0	0	0	0	0	0	0	0	0	0	0	0
262	GPS	26X (Vsw-23)	0	12	0	1	2	1	64	0	%d	%d	0	0	1	na	%d	0	0	1	0	0	0	0	0	0	0	0	0	0	0	0	0
263	GPS	27X (Vsw-24)	0	12	0	1	2	1	128	0	%d	%d	0	0	1	na	%d	0	0	1	0	0	0	0	0	0	0	0	0	0	0	0	0
264	GPS	37X (Vsw-25)	0	12	0	1	3	1	1	0	%d	%d	0	0	1	na	%d	0	0	1	0	0	0	0	0	0	0	0	0	0	0	0	0
265	GPS	38X (Vsw-26)	0	12	0	1	3	1	2	0	%d	%d	0	0	1	na	%d	0	0	1	0	0	0	0	0	0	0	0	0	0	0	0	0
266	GPS	39X (Vsw-27)	0	12	0	1	3	1	4	0	%d	%d	0	0	1	na	%d	0	0	1	0	0	0	0	0	0	0	0	0	0	0	0	0
267	GPS	40X (Vsw-28)	0	12	0	1	3	1	8	0	%d	%d	0	0	1	na	%d	0	0	1	0	0	0	0	0	0	0	0	0	0	0	0	0
268	GPS	41X (Vsw-29)	0	12	0	1	3	1	16	0	%d	%d	0	0	1	na	%d	0	0	1	0	0	0	0	0	0	0	0	0	0	0	0	0
269	GPS	42X (Vsw-30)	0	12	0	1	3	1	32	0	%d	%d	0	0	1	na	%d	0	0	1	0	0	0	0	0	0	0	0	0	0	0	0	0
270	GPS	43X (Vsw-31)	0	12	0	1	3	1	64	0	%d	%d	0	0	1	na	%d	0	0	1	0	0	0	0	0	0	0	0	0	0	0	0	0
271	GPS	PDBX (Vsw-32)	0	12	0	1	3	1	128	0	%d	%d	0	0	1	na	%d	0	0	1	0	0	0	0	0	0	0	0	0	0	0	0	0
272	GPS	1X (Vsw-33)	0	12	0	1	4	1	1	0	%d	%d	0	0	1	na	%d	0	0	1	0	0	0	0	0	0	0	0	0	0	0	0	0
273	GPS	4X (Vsw-34)	0	12	0	1	4	1	2	0	%d	%d	0	0	1	na	%d	0	0	1	0	0	0	0	0	0	0	0	0	0	0	0	0
274	GPS	5X (Vsw-35)	0	12	0	1	4	1	4	0	%d	%d	0	0	1	na	%d	0	0	1	0	0	0	0	0	0	0	0	0	0	0	0	0
275	GPS	28X (Vsw-36)	0	12	0	1	4	1	8	0	%d	%d	0	0	1	na	%d	0	0	1	0	0	0	0	0	0	0	0	0	0	0	0	0
276	GPS	2X (Vsw-37)	0	12	0	1	4	1	16	0	%d	%d	0	0	1	na	%d	0	0	1	0	0	0	0	0	0	0	0	0	0	0	0	0
277	GPS	11 (Vsw-38)	0	12	0	1	4	1	32	0	%d	%d	0	0	1	na	%d	0	0	1	0	0	0	0	0	0	0	0	0	0	0	0	0
278	GPS	12 (Vsw-39)	0	12	0	1	4	1	64	0	%d	%d	0	0	1	na	%d	0	0	1	0	0	0	0	0	0	0	0	0	0	0	0	0
279	GPS	6X (Vsw-40)	0	12	0	1	4	1	128	0	%d	%d	0	0	1	na	%d	0	0	1	0	0	0	0	0	0	0	0	0	0	0	0	0
280	GPS	35X (Vsw-41)	0	12	0	1	5	1	1	0	%d	%d	0	0	1	na	%d	0	0	1	0	0	0	0	0	0	0	0	0	0	0	0	0
281	GPS	36X (Vsw-42)	0	12	0	1	5	1	2	0	%d	%d	0	0	1	na	%d	0	0	1	0	0	0	0	0	0	0	0	0	0	0	0	0
282	GPS	3X (Vsw-43)	0	12	0	1	5	1	4	0	%d	%d	0	0	1	na	%d	0	0	1	0	0	0	0	0	0	0	0	0	0	0	0	0
283	GPS	34X_(Vsw-44)	0	12	0	1	5	1	8	0	%d	%d	0	0	1	na	%d	0	0	1	0	0	0	0	0	0	0	0	0	0	0	0	0
284	GPS	7 (Vsw-45)	0	12	0	1	5	1	16	0	%d	%d	0	0	1	na	%d	0	0	1	0	0	0	0	0	0	0	0	0	0	0	0	0
285	GPS	8 (Vsw-46)	0	12	0	1	5	1	32	0	%d	%d	0	0	1	na	%d	0	0	1	0	0	0	0	0	0	0	0	0	0	0	0	0
286	GPS	9 (Vsw-47)	0	12	0	1	5	1	64	0	%d	%d	0	0	1	na	%d	0	0	1	0	0	0	0	0	0	0	0	0	0	0	0	0
287	GPS	10 (Vsw-48)	0	12	0	1	5	1	128	0	%d	%d	0	0	1	na	%d	0	0	1	0	0	0	0	0	0	0	0	0	0	0	0	0
288	GPS	45X (Vsw-49)	0	12	0	1	6	1	1	0	%d	%d	0	0	1	na	%d	0	0	1	0	0	0	0	0	0	0	0	0	0	0	0	0
289	GPS	46X (Vsw-50)	0	12	0	1	6	1	2	0	%d	%d	0	0	1	na	%d	0	0	1	0	0	0	0	0	0	0	0	0	0	0	0	0
290	GPS	47X (Vsw-51)	0	12	0	1	6	1	4	0	%d	%d	0	0	1	na	%d	0	0	1	0	0	0	0	0	0	0	0	0	0	0	0	0
291	GPS	48X (Vsw-52)	0	12	0	1	6	1	8	0	%d	%d	0	0	1	na	%d	0	0	1	0	0	0	0	0	0	0	0	0	0	0	0	0
292	GPS	49X (Vsw-53)	0	12	0	1	6	1	16	0	%d	%d	0	0	1	na	%d	0	0	1	0	0	0	0	0	0	0	0	0	0	0	0	0
301	MOT	CAR I	0	2	4	1	2	2	0xFFFF	0	%d	%.4f	1	0	7.62939E-05	A	%.4f	1	0.007164139	0.424698836	0	0	0	0	0	0	0	0	0	0	0	0	0
302	MOT	ELV I	0	2	4	1	4	2	0xFFFF	0	%d	%.4f	1	0	7.62939E-05	A	%.4f	1	0.007770405	0.399744296	0	0	0	0	0	0	0	0	0	0	0	0	0
303	MOT	HCV1 I	0	2	4	1	6	2	0xFFFF	0	%d	%.4f	1	0	7.62939E-05	A	%.4f	1	0.007068818	0.422965354	0	0	0	0	0	0	0	0	0	0	0	0	0
304	MOT	HCV2 I	0	2	4	1	8	2	0xFFFF	0	%d	%.4f	1	0	7.62939E-05	A	%.4f	1	0.009241635	0.401734499	0	0	0	0	0	0	0	0	0	0	0	0	0
305	MOT	WRP1 I	0	2	4	1	10	2	0xFFFF	0	%d	%.4f	1	0	7.62939E-05	A	%.4f	1	-0.002043086	1.016336386	0	0	0	0	0	0	0	0	0	0	0	0	0
306	MOT	WRP2 I	0	2	4	1	12	2	0xFFFF	0	%d	%.4f	1	0	7.62939E-05	A	%.4f	1	0.017054906	1.023613766	0	0	0	0	0	0	0	0	0	0	0	0	0
307	MOT	ELV T	0	2	4	1	14	2	0xFFFF	0	%d	%.4f	1	0	7.62939E-05	C	%.1f	4	0	18700	0.0010295	0.0002391	1.568E-07	0	0	0	0	0	0	0	0	0	0
308	MOT	PCB T1	0	2	4	1	16	2	0xFFFF	0	%d	%.4f	1	0	7.62939E-05	C	%.2f	1	-72.2117	40.16145695	0	0	0	0	0	0	0	0	0	0	0	0	0
309	MOT	PCB T2	0	2	4	1	18	2	0xFFFF	0	%d	%.4f	1	0	7.62939E-05	C	%.2f	1	-72.2117	40.16145695	0	0	0	0	0	0	0	0	0	0	0	0	0
310	MOT	PCB T3	0	2	4	1	20	2	0xFFFF	0	%d	%.4f	1	0	7.62939E-05	C	%.2f	1	-72.2117	40.16145695	0	0	0	0	0	0	0	0	0	0	0	0	0
311	MOT	+5V V	0	2	4	1	22	2	0xFFFF	0	%d	%.4f	1	0	7.62939E-05	V	%.4f	1	0.018136928	1.235611596	0	0	0	0	0	0	0	0	0	0	0	0	0
312	MOT	+2.5V V	0	2	4	1	24	2	0xFFFF	0	%d	%.4f	1	0	7.62939E-05	V	%.4f	1	0	372.24448	0	0	0	0	0	0	0	0	0	0	0	0	0
313	MOT	+13V V	0	2	4	1	26	2	0xFFFF	0	%d	%.4f	1	0	7.62939E-05	V	%.4f	1	-0.000579354	3.021344117	0	0	0	0	0	0	0	0	0	0	0	0	0
314	MOT	-13V V	0	2	4	1	28	2	0xFFFF	0	%d	%.4f	1	0	7.62939E-05	V	%.4f	1	-0.035834038	-3.019558504	0	0	0	0	0	0	0	0	0	0	0	0	0
315	MOT	+12V V	0	2	4	1	30	2	0xFFFF	0	%d	%.4f	1	0	7.62939E-05	V	%.4f	1	-0.022898079	3.825464752	0	0	0	0	0	0	0	0	0	0	0	0	0
316	MOT	+5V I	0	2	4	1	32	2	0xFFFF	0	%d	%.4f	1	0	7.62939E-05	A	%.4f	1	0	0.852607996	0	0	0	0	0	0	0	0	0	0	0	0	0
317	MOT	CARa I	0	2	4	1	34	2	0xFFFF	0	%d	%.4f	1	0	7.62939E-05	A	%.4f	1	0.009198003	0.424181016	0	0	0	0	0	0	0	0	0	0	0	0	0
318	MOT	ELVa I	0	2	4	1	36	2	0xFFFF	0	%d	%.4f	1	0	7.62939E-05	A	%.2f	1	0.008646611	0.399793051	0	0	0	0	0	0	0	0	0	0	0	0	0
319	MOT	HCV1a I	0	2	4	1	38	2	0xFFFF	0	%d	%.0f	1	0	7.62939E-05	A	%.4f	1	0.007633869	0.423475104	0	0	0	0	0	0	0	0	0	0	0	0	0
320	MOT	HCV2a I	0	2	4	1	40	2	0xFFFF	0	%d	%.0f	1	0	7.62939E-05	A	%.4f	1	0.009224009	0.405729688	0	0	0	0	0	0	0	0	0	0	0	0	0
321	MOT	WRP1a I	0	2	4	1	42	2	0xFFFF	0	%d	%.4f	1	0	7.62939E-05	A	%.4f	1	-0.008233158	1.027412268	0	0	0	0	0	0	0	0	0	0	0	0	0
322	MOT	WRP2a I	0	2	4	1	44	2	0xFFFF	0	%d	%.4f	1	0	7.62939E-05	A	%.4f	1	0.018497605	1.021082024	0	0	0	0	0	0	0	0	0	0	0	0	0
323	MOT	WRP1 Sum I 	0	2	4	1	46	2	0xFFFF	0	%d	%.0f	1	0	7.62939E-05	A	%.4f	1	0	1	0	0	0	0	0	0	0	0	0	0	0	0	0
324	MOT	WRP2 Sum I	0	2	4	1	48	2	0xFFFF	0	%d	%.0f	1	0	7.62939E-05	A	%.4f	1	0	1	0	0	0	0	0	0	0	0	0	0	0	0	0
325	MOT	HCV T	0	2	4	1	50	2	0xFFFF	0	%d	%.4f	1	0	7.62939E-05	C	%.2f	4	0	18700	0.000933459	0.000221342	1.26375E-07	0	0	0	0	0	0	0	0	0	0
326	MOT	CAR T	0	2	4	1	52	2	0xFFFF	0	%d	%.4f	1	0	7.62939E-05	C	%.2f	4	0	18700	0.0010295	0.0002391	1.568E-07	0	0	0	0	0	0	0	0	0	0
327	MOT	WRP1 T	0	2	4	1	54	2	0xFFFF	0	%d	%.0f	1	0	7.62939E-05	C	%.2f	4	0	18700	0.000933459	0.000221342	1.26375E-07	0	0	0	0	0	0	0	0	0	0
328	MOT	WRP2 T	0	2	4	1	56	2	0xFFFF	0	%d	%.0f	1	0	7.62939E-05	C	%.2f	4	0	18700	0.000933459	0.000221342	1.26375E-07	0	0	0	0	0	0	0	0	0	0
329	MOT	MOT +13V I	0	2	4	1	58	2	0xFFFF	0	%d	%.4f	1	0	7.62939E-05	A	%.4f	1	0	1.502392719	0	0	0	0	0	0	0	0	0	0	0	0	0
330	MOT	MOT -13V I	0	2	4	1	60	2	0xFFFF	0	%d	%.4f	1	0	7.62939E-05	A	%.4f	1	0	1.376205749	0	0	0	0	0	0	0	0	0	0	0	0	0
331	MOT	MOT +2.5V I	0	2	4	1	62	2	0xFFFF	0	%d	%.4f	1	0	7.62939E-05	A	%.4f	1	0	1.296515637	0	0	0	0	0	0	0	0	0	0	0	0	0
332	MOT	+12V OverI	0	2	4	1	64	2	0xFFFF	0	%d	%.4f	1	0	7.62939E-05	A	%.4f	1	0.940272285	0.928006607	0	0	0	0	0	0	0	0	0	0	0	0	0
333	MOT	WRP1 Speed	0	2	4	1	66	2	0xFFFF	0	%d	%.0f	1	0	1	RPM	%.0f	1	0	2	0	0	0	0	0	0	0	0	0	0	0	0	0
334	MOT	WRP1 PWM	0	2	4	1	68	2	0xFF	0	%d	%.0f	1	0	1	hz	%.2f	1	0	1	0	0	0	0	0	0	0	0	0	0	0	0	0
335	MOT	WRP2 Speed	0	2	4	1	70	2	0xFFFF	0	%d	%.0f	1	0	1	RPM	%.0f	1	0	2	0	0	0	0	0	0	0	0	0	0	0	0	0
336	MOT	WRP2 PWM	0	2	4	1	72	2	0xFF	0	%d	%.0f	1	0	1	hz	%.2f	1	0	1	0	0	0	0	0	0	0	0	0	0	0	0	0
337	MOT	SwitchAlarm5	0	2	2	1	7	3	0x000004	2	%d	%.0f	1	0	1	na	%.0f	0	0	1	0	0	0	0	0	0	0	0	0	0	0	0	0
338	MOT	SwitchAlarm6	0	2	2	1	7	3	0x000001	0	%d	%.0f	1	0	1	na	%.0f	0	0	1	0	0	0	0	0	0	0	0	0	0	0	0	0
339	MOT	CARTAlarmBits	0	2	2	1	7	3	0x0C0000	18	%d	%.0f	1	0	1	na	%.0f	0	0	1	0	0	0	0	0	0	0	0	0	0	0	0	0
340	MOT	HallAlarmBit	0	2	2	1	4	3	0x010000	16	%d	%.0f	1	0	1	na	%.0f	0	0	1	0	0	0	0	0	0	0	0	0	0	0	0	0
341	MOT	xWRP1 I	0	2	5	9	2	2	0xFFFF	0	%d	%.4f	1	0	7.62939E-05	A	%.4f	1	0	1	0	0	0	0	0	0	0	0	0	0	0	0	0
342	MOT	xWRP1 T	0	2	5	9	4	2	0xFFFF	0	%d	%.4f	1	0	7.62939E-05	C	%.2f	4	0	18700	0.000933459	0.000221374	1.26375E-07	0	0	0	0	0	0	0	0	0	0
343	MOT	xWRP1 Speed	0	2	5	9	6	2	0xFFFF	0	%d	%.0f	1	0	1	RPM	%.0f	1	0	2	0	0	0	0	0	0	0	0	0	0	0	0	0
344	MOT	xWRP1 PWM	0	2	5	9	8	2	0xFF	0	%d	%.0f	1	0	1	hz	%.2f	1	0	1	0	0	0	0	0	0	0	0	0	0	0	0	0
345	MOT	xWRP2 I	0	2	5	9	10	2	0xFFFF	0	%d	%.4f	1	0	7.62939E-05	A	%.4f	1	0	1	0	0	0	0	0	0	0	0	0	0	0	0	0
346	MOT	xWRP2 T	0	2	5	9	12	2	0xFFFF	0	%d	%.4f	1	0	7.62939E-05	C	%.2f	4	0	18700	0.000933459	0.000221374	1.26375E-07	0	0	0	0	0	0	0	0	0	0
347	MOT	xWRP2 Speed	0	2	5	9	14	2	0xFFFF	0	%d	%.0f	1	0	1	RPM	%.0f	1	0	2	0	0	0	0	0	0	0	0	0	0	0	0	0
348	MOT	xWRP2 PWM	0	2	5	9	16	2	0xFF	0	%d	%.0f	1	0	1	hz	%.2f	1	0	1	0	0	0	0	0	0	0	0	0	0	0	0	0
349	MOT	MotorFeedback	0	2	4	1	74	3	0xFFFFFF	0	%X	%.0f	1	0	1	na	na	1	0	1	0	0	0	0	0	0	0	0	0	0	0	0	0
350	MOT	StatHall1	0	2	2	1	1	3	0xFFFFFF	0	%06X	%.0f	1	0	1	na	%.0f	1	0	1	0	0	0	0	0	0	0	0	0	0	0	0	0
351	MOT	StatHall2	0	2	2	1	4	3	0xFFFFFF	0	%06X	%.0f	1	0	1	na	%.0f	1	0	1	0	0	0	0	0	0	0	0	0	0	0	0	0
352	MOT	StatHall3	0	2	2	1	7	3	0xFFFFFF	0	%06X	%.0f	1	0	1	na	%.0f	1	0	1	0	0	0	0	0	0	0	0	0	0	0	0	0
353	MOT	StatHK	0	2	2	1	10	3	0xFFFFFF	0	%06X	%.0f	1	0	1	na	%.0f	1	0	1	0	0	0	0	0	0	0	0	0	0	0	0	0
354	MOT	SeqHall	0	2	2	1	13	3	0xFFFFFF	0	%06X	%.0f	1	0	1	na	%.0f	1	0	1	0	0	0	0	0	0	0	0	0	0	0	0	0
355	MOT	ToothCnt1	0	2	2	1	16	3	0x0FFFFF	0	%06X	%.0f	1	0	1	na	%.0f	1	-80	1	0	0	0	0	0	0	0	0	0	0	0	0	0
356	MOT	ToothCnt2	0	2	2	1	19	3	0x0FFFFF	0	%06X	%.0f	1	0	1	na	%.0f	1	-80	1	0	0	0	0	0	0	0	0	0	0	0	0	0
357	MOT	ToothCntW1	0	2	2	1	22	3	0x0FFFFF	0	%06X	%.0f	1	0	1	na	%.0f	1	0	1	0	0	0	0	0	0	0	0	0	0	0	0	0
358	MOT	ToothCntW2	0	2	2	1	25	3	0x0FFFFF	0	%06X	%.0f	1	0	1	na	%.0f	1	0	1	0	0	0	0	0	0	0	0	0	0	0	0	0
359	MOT	HallSpeed	0	2	2	1	28	3	0xFFFFFF	0	%d	%.0f	1	0	1	na	%.0f	1	0	1	0	0	0	0	0	0	0	0	0	0	0	0	0
360	MOT	GetADC	0	2	2	1	31	3	0x00FFFF	0	%d	%.0f	1	0	7.62939E-05	A	%.4f	1	0	4	0	0	0	0	0	0	0	0	0	0	0	0	0
361	MOT	StatHall1ia	0	2	1	1	1	3	0xFFFFFF	0	%06X	%.0f	1	0	1	na	%.0f	1	0	1	0	0	0	0	0	0	0	0	0	0	0	0	0
362	MOT	StatHall2ia	0	2	1	1	4	3	0xFFFFFF	0	%06X	%.0f	1	0	1	na	%.0f	1	0	1	0	0	0	0	0	0	0	0	0	0	0	0	0
363	MOT	StatHall3ia	0	2	1	1	7	3	0xFFFFFF	0	%06X	%.0f	1	0	1	na	%.0f	1	0	1	0	0	0	0	0	0	0	0	0	0	0	0	0
364	MOT	StatHKia	0	2	1	1	10	3	0xFFFFFF	0	%06X	%.0f	1	0	1	na	%.0f	1	0	1	0	0	0	0	0	0	0	0	0	0	0	0	0
365	MOT	SeqHallia	0	2	1	1	13	3	0xFFFFFF	0	%06X	%.0f	1	0	1	na	%.0f	1	0	1	0	0	0	0	0	0	0	0	0	0	0	0	0
366	MOT	ToothCnt1ia	0	2	1	1	16	3	0xFFFFFF	0	%d	%.0f	1	0	1	na	%.0f	1	-80	1	0	0	0	0	0	0	0	0	0	0	0	0	0
367	MOT	ToothCnt2ia	0	2	1	1	19	3	0xFFFFFF	0	%d	%.0f	1	0	1	na	%.0f	1	-80	1	0	0	0	0	0	0	0	0	0	0	0	0	0
368	MOT	SensorPower	0	2	1	1	22	3	0xFFFFFF	0	%d	%.0f	1	0	1	na	%.0f	1	0	1	0	0	0	0	0	0	0	0	0	0	0	0	0
369	MOT	CfgHKAlarm V	0	2	1	1	25	3	0xFFFFFF	0	%06X	%.0f	1	0	1	na	%.0f	0	0	1	0	0	0	0	0	0	0	0	0	0	0	0	0
370	MOT	CfgHKAlarm T	0	2	1	1	28	3	0xFFFFFF	0	%06X	%.0f	1	0	1	na	%.0f	0	0	1	0	0	0	0	0	0	0	0	0	0	0	0	0
371	MOT	CfgAlarmHall	0	2	1	1	31	3	0xFFFFFF	0	%06X	%.0f	1	0	1	na	%.0f	0	0	1	0	0	0	0	0	0	0	0	0	0	0	0	0
372	MOT	CfgAlarmSMS	0	2	1	1	34	3	0xFFFFFF	0	%06X	%.0f	1	0	1	na	%.0f	0	0	1	0	0	0	0	0	0	0	0	0	0	0	0	0
373	MOT	SelADC	0	2	1	1	37	3	0xFFFFFF	0	%06X	%.0f	1	0	1	na	%.0f	1	0	1	0	0	0	0	0	0	0	0	0	0	0	0	0
374	MOT	HKAlarmU V	0	2	1	1	40	3	0xFFFFFF	0	%06X	%.0f	1	0	1	na	%.0f	0	0	1	0	0	0	0	0	0	0	0	0	0	0	0	0
375	MOT	HKAlarmU T	0	2	1	1	43	3	0xFFFFFF	0	%06X	%.0f	1	0	1	na	%.0f	0	0	1	0	0	0	0	0	0	0	0	0	0	0	0	0
376	MOT	HKAlarmG V	0	2	1	1	46	3	0xFFFFFF	0	%06X	%.0f	1	0	1	na	%.0f	0	0	1	0	0	0	0	0	0	0	0	0	0	0	0	0
377	MOT	HKAlarmG T	0	2	1	1	49	3	0xFFFFFF	0	%06X	%.0f	1	0	1	na	%.0f	0	0	1	0	0	0	0	0	0	0	0	0	0	0	0	0
378	MOT	HallLim min	0	2	1	1	52	3	0xFFFFFF	0	%d	%.0f	1	0	1	na	%.0f	1	0	1	0	0	0	0	0	0	0	0	0	0	0	0	0
379	MOT	HallLim max	0	2	1	1	55	3	0xFFFFFF	0	%d	%.0f	1	0	1	na	%.0f	1	0	1	0	0	0	0	0	0	0	0	0	0	0	0	0
380	MOT	SeqMotCtrl	0	2	1	1	58	3	0xFFFFFF	0	%06X	%.0f	1	0	1	na	%.0f	0	0	1	0	0	0	0	0	0	0	0	0	0	0	0	0
381	MOT	HallState	0	2	2	1	1	3	0x200000	21	%d	%.0f	1	0	1	na	%.0f	0	0	1	0	0	0	0	0	0	0	0	0	0	0	0	0
382	MOT	HallSel	0	2	2	1	1	3	0x0C0000	18	%X	%.0f	1	0	1	na	%.0f	0	0	1	0	0	0	0	0	0	0	0	0	0	0	0	0
383	MOT	WhyStop	0	2	2	1	1	3	0x030000	16	%X	%.0f	1	0	1	na	%.0f	0	0	1	0	0	0	0	0	0	0	0	0	0	0	0	0
384	MOT	SaveSel	0	2	2	1	1	3	0x00C000	14	%X	%.0f	1	0	1	na	%.0f	0	0	1	0	0	0	0	0	0	0	0	0	0	0	0	0
385	MOT	SMSSwitchSave	0	2	2	1	1	3	0x000FC0	6	%02X	%.0f	1	0	1	na	%.0f	0	0	1	0	0	0	0	0	0	0	0	0	0	0	0	0
386	MOT	SMSSwitch	0	2	2	1	1	3	0x00001F	0	%02X	%.0f	1	0	1	na	%.0f	0	0	1	0	0	0	0	0	0	0	0	0	0	0	0	0
387	MOT	HallAlarm	0	2	2	1	4	3	0x030000	16	%d	%.0f	1	0	1	na	%.0f	0	0	1	0	0	0	0	0	0	0	0	0	0	0	0	0
388	MOT	HallCount	0	2	2	1	4	3	0x00FFFF	0	%d	%.0f	1	0	1	na	%.0f	0	0	1	0	0	0	0	0	0	0	0	0	0	0	0	0
389	MOT	CAR Tooth Alarm	0	2	2	1	7	3	0x1C0000	18	%d	%.0f	1	0	1	na	%.0f	0	0	1	0	0	0	0	0	0	0	0	0	0	0	0	0
390	MOT	CAR HK Alarm	0	2	2	1	7	3	0x038000	15	%d	%.0f	1	0	1	na	%.0f	0	0	1	0	0	0	0	0	0	0	0	0	0	0	0	0
391	MOT	ELV HK Alarm	0	2	2	1	7	3	0x007000	12	%d	%.0f	1	0	1	na	%.0f	0	0	1	0	0	0	0	0	0	0	0	0	0	0	0	0
392	MOT	SwitchAlarms	0	2	2	1	7	3	0x000FFF	0	%03X	%.0f	1	0	1	na	%.0f	0	0	1	0	0	0	0	0	0	0	0	0	0	0	0	0
393	MOT	HK Alarms	0	2	2	1	10	3	0x007FFF	0	%04X	%.0f	1	0	1	na	%.0f	0	0	1	0	0	0	0	0	0	0	0	0	0	0	0	0
394	MOT	CurHall	0	2	2	1	13	3	0x00FFFF	0	%d	%.0f	1	0	1	na	%.0f	1	0	1	0	0	0	0	0	0	0	0	0	0	0	0	0
395	MOT	HCVAlarm	0	2	2	1	4	3	0x1C0000	16	%d	%.0f	1	0	1	na	%.0f	1	0	1	0	0	0	0	0	0	0	0	0	0	0	0	0
396	MOT	SwitchAlarm1	0	2	2	1	7	3	0x000400	10	%d	%.0f	1	0	1	na	%.0f	0	0	1	0	0	0	0	0	0	0	0	0	0	0	0	0
397	MOT	SwitchAlarm2	0	2	2	1	7	3	0x000100	8	%d	%.0f	1	0	1	na	%.0f	0	0	1	0	0	0	0	0	0	0	0	0	0	0	0	0
398	MOT	SwitchAlarm3	0	2	2	1	7	3	0x000040	6	%d	%.0f	1	0	1	na	%.0f	0	0	1	0	0	0	0	0	0	0	0	0	0	0	0	0
399	MOT	SwitchAlarm4	0	2	2	1	7	3	0x000010	4	%d	%.0f	1	0	1	na	%.0f	0	0	1	0	0	0	0	0	0	0	0	0	0	0	0	0
400	GC	SequenceCount	0	3	5	12	1	1	0xFF	0	%d	na	0	0	0	na	na	0	0	0	0	0	0	0	0	0	0	0	0	0	0	0	0
401	GC	SW_Version	0	3	5	12	4	2	0xFFFF	0	%d	na	0	0	0	na	na	0	0	0	0	0	0	0	0	0	0	0	0	0	0	0	0
402	GC	TM_Origin	0	3	5	12	6	1	0x01	0	%d	na	0	0	0	na	na	0	0	0	0	0	0	0	0	0	0	0	0	0	0	0	0
403	GC	Mode	0	3	5	12	7	1	0x80	7	%d	na	0	0	0	na	na	0	0	0	0	0	0	0	0	0	0	0	0	0	0	0	0
404	GC	Status	0	3	5	12	7	1	0x7F	0	%X	na	0	0	0	na	na	0	0	0	0	0	0	0	0	0	0	0	0	0	0	0	0
405	GC	Channel	0	3	5	12	6	1	0xE	1	%d	na	0	0	0	na	na	0	0	0	0	0	0	0	0	0	0	0	0	0	0	0	0
406	GC	ExpCntr	0	3	5	12	0	0	0	0	%u	na	0	0	0	na	na	0	0	0	0	0	0	0	0	0	0	0	0	0	0	0	0
407	GC	Sequence_Number_Hi	0	3	5	12	9	1	0xF0	4	%u	na	0	0	0	na	na	0	0	0	0	0	0	0	0	0	0	0	0	0	0	0	0
408	GC	Second_Counter	0	3	5	12	10	2	0xFFFF	0	%u	na	0	0	0	sec	na	0	0	0	0	0	0	0	0	0	0	0	0	0	0	0	0
409	GC	Measurement_Res	0	3	5	12	12	1	0xFF	0	%u	na	0	0	0	na	na	0	0	0	0	0	0	0	0	0	0	0	0	0	0	0	0
410	GC	+5_Supply_V	0	3	5	12	13	1	0xFF	0	%d	%.2f	1	0	0.01953125	V	%.3f	1	4.8219	0.07168	0	0	0	0	0	0	0	0	0	0	0	0	0
411	GC	+12_Supply_V	0	3	5	12	14	1	0xFF	0	%d	%.2f	1	0	0.01953125	V	%.3f	1	11.766	0.09216	0	0	0	0	0	0	0	0	0	0	0	0	0
412	GC	-12_Supply_V	0	3	5	12	15	1	0xFF	0	%d	%.2f	1	0	0.01953125	V	%.3f	1	-12.208	0.08192	0	0	0	0	0	0	0	0	0	0	0	0	0
413	GC	ADC_HI_REF	0	3	5	12	16	1	0xFF	0	%d	%.2f	1	0	0.01953125	V	%.3f	1	4.3438	0.06144	0	0	0	0	0	0	0	0	0	0	0	0	0
414	GC	ADC_LO_REF	0	3	5	12	17	1	0xFF	0	%u	%.2f	1	0	0.01953125	V	%.3f	1	0.3428	0.06144	0	0	0	0	0	0	0	0	0	0	0	0	0
415	GC	DAC_REF	0	3	5	12	18	1	0xFF	0	%u	%.2f	1	0	0.01953125	V	%.3f	1	9.8258	0.07168	0	0	0	0	0	0	0	0	0	0	0	0	0
416	GC	TCD_PWR	0	3	5	12	19	1	0xFF	0	%u	%.2f	1	0	0.01953125	V	%.3f	1	20.008	0.15872	0	0	0	0	0	0	0	0	0	0	0	0	0
417	GC	TCD_OFFSET	0	3	5	12	0	0	0	0	%u	na	0	0	0	na	na	0	0	0	0	0	0	0	0	0	0	0	0	0	0	0	0
418	GC	BOARD_TEMP	0	3	5	12	21	1	0xFF	0	%.3f	V	1	0.40997823	0.001627604	C	%.1f	1	-275	476.19048	0	0	0	0	0	0	0	0	0	0	0	0	0
419	GC	+1.5V	0	3	5	12	22	1	0xFF	0	%X	%.2f	1	0	0.01953125	V	%.3f	1	1.3438	0.06144	0	0	0	0	0	0	0	0	0	0	0	0	0
420	GC	+3.3V	0	3	5	12	23	1	0xFF	0	%X	%.2f	1	0	0.01953125	V	%.3f	1	3.1438	0.06144	0	0	0	0	0	0	0	0	0	0	0	0	0
430	GC	+5_Supply_V_odd	0	3	5	12	13	2	0xFFFF	0	%u	%.2f	1	0	7.62939E-05	V	%.3f	1	4.8219	0.07168	0	0	0	0	0	0	0	0	0	0	0	0	0
431	GC	+12_Supply_V_odd	0	3	5	12	15	2	0xFFFF	0	%u	%.2f	1	0	7.62939E-05	V	%.3f	1	11.766	0.09216	0	0	0	0	0	0	0	0	0	0	0	0	0
432	GC	-12_Supply_V_odd	0	3	5	12	17	2	0xFFFF	0	%u	%.2f	1	0	7.62939E-05	V	%.3f	1	-12.208	0.08192	0	0	0	0	0	0	0	0	0	0	0	0	0
433	GC	ADC_HI_REF_odd	0	3	5	12	0	2	0	0	%u	%.2f	1	0	7.62939E-05	V	%.3f	1	4.3438	0.06144	0	0	0	0	0	0	0	0	0	0	0	0	0
434	GC	ADC_LO_REF_odd	0	3	5	12	22	2	0xFFFF	0	%u	%.2f	1	0	7.62939E-05	V	%.3f	1	0.3428	0.06144	0	0	0	0	0	0	0	0	0	0	0	0	0
440	GC	DAC_REF_even	0	3	5	12	13	2	0xFFFF	0	%u	%.2f	1	0	7.62939E-05	V	%.3f	1	9.8258	0.07168	0	0	0	0	0	0	0	0	0	0	0	0	0
441	GC	TCD_PWR_even	0	3	5	12	15	2	0xFFFF	0	%u	%.2f	1	0	7.62939E-05	V	%.3f	1	20.008	0.15872	0	0	0	0	0	0	0	0	0	0	0	0	0
442	GC	BOARD_TEMP_even	0	3	5	12	17	2	0xFFFF	0	%u	%.2f	1	0	7.62939E-05	C	%.1f	1	-275	476.19048	0	0	0	0	0	0	0	0	0	0	0	0	0
443	GC	+1.5V_even	0	3	5	12	0	2	0	0	%u	%.0f	1	0	7.62939E-05	V	%.3f	1	1.3438	0.06144	0	0	0	0	0	0	0	0	0	0	0	0	0
444	GC	+3.3V_even	0	3	5	12	22	2	0xFFFF	0	%u	%.2f	1	0	7.62939E-05	V	%.3f	1	3.1438	0.06144	0	0	0	0	0	0	0	0	0	0	0	0	0
501	TLS	TL1_TT_Therm	0	4	1	10	12	1	0	0	%d	%.4f	1	0	0.000305176	C	%.1f	8	10	24900	0.000877042	0.000232164	7.63237E-08	0	0	0	0	0	0	0	0	0	0
502	TLS	TL1_TF_Therm	0	4	1	10	14	1	0	0	%d	%.4f	1	0	0.000305176	C	%.1f	8	10	24900	0.000877042	0.000232164	7.63237E-08	0	0	0	0	0	0	0	0	0	0
503	TLS	TL1_TI_Therm	0	4	1	10	16	1	0	0	%d	%.4f	1	0	0.000305176	C	%.1f	8	10	24900	0.000877042	0.000232164	7.63237E-08	0	0	0	0	0	0	0	0	0	0
504	TLS	TL1_TD_Therm	0	4	1	10	18	1	0	0	%d	%.4f	1	0	0.000305176	C	%.1f	8	10	24900	0.000877042	0.000232164	7.63237E-08	0	0	0	0	0	0	0	0	0	0
505	TLS	TL1_PF_Pres	0	4	1	10	20	1	0	0	%d	%.4f	1	0	0.000305176	mb	%.1f	1	1.47828	-6.14114	6.2866	0	0	0	0	0	0	0	0	0	0	0	0
506	TLS	TL1_PH_Pres	0	4	1	10	22	1	0	0	%d	%.4f	1	0	0.000305176	mb	%.1f	1	1.47828	-6.14114	6.2866	0	0	0	0	0	0	0	0	0	0	0	0
507	TLS	TL1_TEC_Drive	0	4	1	10	24	1	0	0	%d	%.4f	1	0	0.000305176	pct	%.1f	1	0	10	0	0	0	0	0	0	0	0	0	0	0	0	0
508	TLS	TL1_LASER_Dr	0	4	1	10	26	1	0	0	%d	%.4f	1	0	0.000305176	V	%.3f	1	0	1	0	0	0	0	0	0	0	0	0	0	0	0	0
509	TLS	TL1_+15_out	0	4	1	10	28	1	0	0	%d	%.4f	1	0	0.000305176	V	%.4f	1	0	3	0	0	0	0	0	0	0	0	0	0	0	0	0
510	TLS	TL1_+15_in	0	4	1	10	30	1	0	0	%d	%.4f	1	0	0.000305176	V	%.3f	1	0	3.6	0	0	0	0	0	0	0	0	0	0	0	0	0
511	TLS	TL1_-15_in	0	4	1	10	32	1	0	0	%d	%.4f	1	0	0.000305176	V	%.3f	1	0	3.6	0	0	0	0	0	0	0	0	0	0	0	0	0
512	TLS	TL1_+5_in	0	4	1	10	34	1	0	0	%d	%.4f	1	0	0.000305176	V	%.4f	1	0	1	0	0	0	0	0	0	0	0	0	0	0	0	0
513	TLS	TL1_TEC_Therm	0	4	1	10	36	1	0	0	%d	%.4f	1	0	0.000305176	V	%.4f	1	0	1	0	0	0	0	0	0	0	0	0	0	0	0	0
514	TLS	TL1_+5_out	0	4	1	10	38	1	0	0	%d	%.4f	1	0	0.000305176	V	%.4f	1	0	1	0	0	0	0	0	0	0	0	0	0	0	0	0
515	TLS	TL1_-15_out	0	4	1	10	40	1	0	0	%d	%.4f	1	0	0.000305176	V	%.3f	1	0	3	0	0	0	0	0	0	0	0	0	0	0	0	0
516	TLS	TL1_Sec_TEC_in	0	4	1	10	42	1	0	0	%d	%.4f	1	0	0.000305176	V	%.3f	1	0	1	0	0	0	0	0	0	0	0	0	0	0	0	0
517	TLS	TL2_TT_Therm	0	4	1	10	12	2	0	0	%d	%.4f	1	0	0.000305176	C	%.1f	8	10	24900	0.000877042	0.000232164	7.63237E-08	0	0	0	0	0	0	0	0	0	0
518	TLS	TL2_TF_Therm	0	4	1	10	14	2	0	0	%d	%.4f	1	0	0.000305176	C	%.1f	8	10	24900	0.000877042	0.000232164	7.63237E-08	0	0	0	0	0	0	0	0	0	0
519	TLS	TL2_TI_Therm	0	4	1	10	16	2	0	0	%d	%.4f	1	0	0.000305176	C	%.1f	8	10	24900	0.000877042	0.000232164	7.63237E-08	0	0	0	0	0	0	0	0	0	0
520	TLS	TL2_TD_Therm	0	4	1	10	18	2	0	0	%d	%.4f	1	0	0.000305176	C	%.1f	8	10	24900	0.000877042	0.000232164	7.63237E-08	0	0	0	0	0	0	0	0	0	0
521	TLS	TL2_PF_Pres	0	4	1	10	20	2	0	0	%d	%.4f	1	0	0.000305176	mb	%.1f	1	1.47828	-6.14114	6.2866	0	0	0	0	0	0	0	0	0	0	0	0
522	TLS	TL2_PH_Pres	0	4	1	10	22	2	0	0	%d	%.4f	1	0	0.000305176	mb	%.1f	1	1.47828	-6.14114	6.2866	0	0	0	0	0	0	0	0	0	0	0	0
523	TLS	TL2_TEC_Drive	0	4	1	10	24	2	0	0	%d	%.4f	1	0	0.000305176	pct	%.1f	1	0	10	0	0	0	0	0	0	0	0	0	0	0	0	0
524	TLS	TL2_LASER_Dr	0	4	1	10	26	2	0	0	%d	%.4f	1	0	0.000305176	V	%.3f	1	0	1	0	0	0	0	0	0	0	0	0	0	0	0	0
525	TLS	TL2_+15_out	0	4	1	10	28	2	0	0	%d	%.4f	1	0	0.000305176	V	%.3f	1	0	3	0	0	0	0	0	0	0	0	0	0	0	0	0
526	TLS	TL2_+15_in	0	4	1	10	30	2	0	0	%d	%.4f	1	0	0.000305176	V	%.3f	1	0	3.6	0	0	0	0	0	0	0	0	0	0	0	0	0
527	TLS	TL2_-15_in	0	4	1	10	32	2	0	0	%d	%.4f	1	0	0.000305176	V	%.3f	1	0	3.6	0	0	0	0	0	0	0	0	0	0	0	0	0
528	TLS	TL2_Pri_TEC_IC	0	4	1	10	34	2	0	0	%d	%.4f	1	0	0.000305176	V	%.3f	1	0	1	0	0	0	0	0	0	0	0	0	0	0	0	0
529	TLS	TL2_TEC_Therm	0	4	1	10	36	2	0	0	%d	%.4f	1	0	0.000305176	V	%.3f	1	0	1	0	0	0	0	0	0	0	0	0	0	0	0	0
530	TLS	TL2_+5_out	0	4	1	10	38	2	0	0	%d	%.4f	1	0	0.000305176	V	%.3f	1	0	1	0	0	0	0	0	0	0	0	0	0	0	0	0
531	TLS	TL2_-15_out	0	4	1	10	40	2	0	0	%d	%.4f	1	0	0.000305176	V	%.3f	1	0	3	0	0	0	0	0	0	0	0	0	0	0	0	0
532	TLS	TL2_Sec_TEC_in	0	4	1	10	42	2	0	0	%d	%.4f	1	0	0.000305176	V	%.3f	1	0	1	0	0	0	0	0	0	0	0	0	0	0	0	0
606	GPS	VHCmd_V00-07	0	12	0	1	0	1	0xFF	0	%02X	%d	0	0	1	na	%d	0	0	1	0	0	0	0	0	0	0	0	0	0	0	0	0
607	GPS	VHCmd_V08-15	0	12	0	1	1	1	0xFF	0	%02X	%d	0	0	1	na	%d	0	0	1	0	0	0	0	0	0	0	0	0	0	0	0	0
608	GPS	VHCmd_V16-23	0	12	0	1	2	1	0xFF	0	%02X	%d	0	0	1	na	%d	0	0	1	0	0	0	0	0	0	0	0	0	0	0	0	0
609	GPS	VHCmd_V24-31	0	12	0	1	3	1	0xFF	0	%02X	%d	0	0	1	na	%d	0	0	1	0	0	0	0	0	0	0	0	0	0	0	0	0
610	GPS	VHCmd_V32-39	0	12	0	1	4	1	0xFF	0	%02X	%d	0	0	1	na	%d	0	0	1	0	0	0	0	0	0	0	0	0	0	0	0	0
611	GPS	VHCmd_V40-47	0	12	0	1	5	1	0xFF	0	%02X	%d	0	0	1	na	%d	0	0	1	0	0	0	0	0	0	0	0	0	0	0	0	0
612	GPS	VHCmd_V48-52	0	12	0	1	6	1	0xFF	0	%02X	%d	0	0	1	na	%d	0	0	1	0	0	0	0	0	0	0	0	0	0	0	0	0
613	QMS	RF_MON_LF	0	6	0	1	0	2	0xFFFF	0	%d	%.0f	1	0	1	MHz	%.5f	1	0	2.94118E-05	0	0	0	0	0	0	0	0	0	0	0	0	0
614	QMS	RF_MON_MF	0	6	0	1	2	2	0xFFFF	0	%d	%.0f	1	0	1	MHz	%.5f	1	0	2.94118E-05	0	0	0	0	0	0	0	0	0	0	0	0	0
615	QMS	RF_MON_HF	0	6	0	1	4	3	0xFFFFFF	0	%d	%.0f	1	0	1	MHz	%.5f	1	0	2.94118E-05	0	0	0	0	0	0	0	0	0	0	0	0	0
616	QMS	FilMultMass	0	6	0	1	7	1	7	0	%X	%.0f	1	0	1	na	%.0f	0	0	0	0	0	0	0	0	0	0	0	0	0	0	0	0
617	QMS	FIL1_VDAC	0	6	0	1	8	1	0xFF	0	%d	%.3f	1	0	0.01953125	V	%.3f	0	0	0	0	0	0	0	0	0	0	0	0	0	0	0	0
618	QMS	FIL1_EDAC	0	6	0	1	9	1	0xFF	0	%d	%.3f	1	0	0.01953125	uA	%.1f	0	0	0	0	0	0	0	0	0	0	0	0	0	0	0	0
619	QMS	FIL2_VDAC	0	6	0	1	10	1	0xFF	0	%d	%.3f	1	0	0.01953125	V	%.3f	0	0	0	0	0	0	0	0	0	0	0	0	0	0	0	0
620	QMS	FIL2_EDAC	0	6	0	1	11	1	0xFF	0	%d	%.3f	1	0	0.01953125	uA	%.1f	0	0	0	0	0	0	0	0	0	0	0	0	0	0	0	0
621	QMS	BA_VDAC	0	6	0	1	12	1	0xFF	0	%d	%.3f	1	0	0.01953125	V	%.3f	0	0	0	0	0	0	0	0	0	0	0	0	0	0	0	0
622	QMS	ION_ACC_DAC	0	6	0	1	13	1	0xFF	0	%d	%.3f	1	0	0.01953125	V	%.3f	0	0	0	0	0	0	0	0	0	0	0	0	0	0	0	0
623	QMS	ION_REP_SH_DAC	0	6	0	1	14	1	0xFF	0	%d	%.3f	1	0	0.01953125	V	%.3f	0	0	0	0	0	0	0	0	0	0	0	0	0	0	0	0
624	QMS	ION_REP_DAC	0	6	0	1	15	1	0xFF	0	%d	%.3f	1	0	0.01953125	V	%.3f	0	0	0	0	0	0	0	0	0	0	0	0	0	0	0	0
625	QMS	BS_DAC	0	6	0	1	16	1	0xFF	0	%d	%.3f	1	0	0.01953125	V	%.3f	0	0	0	0	0	0	0	0	0	0	0	0	0	0	0	0
626	QMS	FIL_ON	0	6	0	1	17	1	3	0	%d	%.0f	1	0	1	na	na	0	0	0	0	0	0	0	0	0	0	0	0	0	0	0	0
627	QMS	EM1_DAC	0	6	0	1	18	1	0xFF	0	%d	%.3f	1	0	0.01953125	V	%.3f	0	0	0	0	0	0	0	0	0	0	0	0	0	0	0	0
628	QMS	EM2_DAC	0	6	0	1	19	1	0xFF	0	%d	%.3f	1	0	0.01953125	V	%.3f	0	0	0	0	0	0	0	0	0	0	0	0	0	0	0	0
629	QMS	DET_THRES1	0	6	0	1	20	1	0xFF	0	%d	%.3f	1	0	0.01953125	mV	%.1f	0	0	0	0	0	0	0	0	0	0	0	0	0	0	0	0
630	QMS	DET_THRES2	0	6	0	1	21	1	0xFF	0	%d	%.3f	1	0	0.01953125	mV	%.1f	0	0	0	0	0	0	0	0	0	0	0	0	0	0	0	0
631	QMS	QB_DAC	0	6	0	1	22	1	0xFF	0	%d	%.3f	1	0	0.01953125	V	%.3f	0	0	0	0	0	0	0	0	0	0	0	0	0	0	0	0
633	QMS	ROD AC	0	6	0	1	23	2	0xFFFF	0	%d	%.0f	1	0	0	V	%.3f	0	0	0	0	0	0	0	0	0	0	0	0	0	0	0	0
635	QMS	ROD DC	0	6	0	1	25	2	0xFFFF	0	%d	%.4f	1	0	0	V	%.3f	0	0	0	0	0	0	0	0	0	0	0	0	0	0	0	0
636	QMS	RF FREQ	0	6	0	1	27	1	0xF	0	%d	na	0	0	0	na	na	0	0	0	0	0	0	0	0	0	0	0	0	0	0	0	0
638	QMS	PWM 1	0	6	0	1	28	2	0xFFFF	0	%d	%.4f	1	0	0.000152588	V	%.3f	0	0	1	0	0	0	0	0	0	0	0	0	0	0	0	0
640	QMS	PWM 2	0	6	0	1	30	2	0xFFFF	0	%d	%.4f	1	0	0.000152588	V	%.3f	0	0	1	0	0	0	0	0	0	0	0	0	0	0	0	0
647	QMS	PWM SEL	0	6	0	1	32	1	0xFF	0	%d	%.4f	0	0	0	na	na	0	0	0	0	0	0	0	0	0	0	0	0	0	0	0	0
652	QMS	SERIAL NUM	0	6	0	1	35	1	0xFF	0	%d	%.0f	0	0	0	na	na	0	0	0	0	0	0	0	0	0	0	0	0	0	0	0	0
655	QMS	COUNTER1	0	6	0	1	36	3	0xFFFFFF	0	%d	%.0f	1	0	58.82352941	c/s	%.0f	1	0	58.82352941	0	0	0	0	0	0	0	0	0	0	0	0	0
658	QMS	COUNTER2	0	6	0	1	39	3	0xFFFFFF	0	%d	%.0f	1	0	58.82352941	c/s	%.0f	1	0	58.82352941	0	0	0	0	0	0	0	0	0	0	0	0	0
660	QMS	FREQ_COUNTER	0	6	0	1	42	2	0xFFFFFF	0	%d	%.0f	1	0	1	MHz	%.4f	1	0	2.94118E-05	0	0	0	0	0	0	0	0	0	0	0	0	0
662	QMS	ADC1	0	6	0	1	44	2	0xFFFF	0	%d	%.4f	2	1	10	V	%.0f	0	0	0	0	0	0	0	0	0	0	0	0	0	0	0	0
664	QMS	ADC2	0	6	0	1	46	2	0xFFFF	0	%d	%.4f	2	1	10	V	%.0f	0	0	0	0	0	0	0	0	0	0	0	0	0	0	0	0
666	QMS	PWM ADC 1	0	6	0	1	48	2	0xFFFF	0	%d	%.4f	2	1	10	V	%.4f	0	0	0	0	0	0	0	0	0	0	0	0	0	0	0	0
668	QMS	PWM ADC 2	0	6	0	1	50	2	0xFFFF	0	%d	%.4f	2	1	10	V	%.4f	0	0	0	0	0	0	0	0	0	0	0	0	0	0	0	0
671	FSW	VHStat_H00-07	0	7	0	1	96	1	0xFF	0	%04X	%d	0	0	1	na	%d	0	0	1	0	0	0	0	0	0	0	0	0	0	0	0	0
672	FSW	VHStat_H08-15	0	7	0	1	97	1	0xFF	0	%04X	%d	0	0	1	na	%d	0	0	1	0	0	0	0	0	0	0	0	0	0	0	0	0
673	FSW	VHStat_H16-23	0	7	0	1	98	1	0xFF	0	%04X	%d	0	0	1	na	%d	0	0	1	0	0	0	0	0	0	0	0	0	0	0	0	0
674	FSW	VHStat_H24-31	0	7	0	1	99	1	0xFF	0	%04X	%d	0	0	1	na	%d	0	0	1	0	0	0	0	0	0	0	0	0	0	0	0	0
675	FSW	VHStat_H32-39	0	7	0	1	100	1	0xFF	0	%04X	%d	0	0	1	na	%d	0	0	1	0	0	0	0	0	0	0	0	0	0	0	0	0
676	FSW	VHStat_H40-47	0	7	0	1	101	1	0xFF	0	%04X	%d	0	0	1	na	%d	0	0	1	0	0	0	0	0	0	0	0	0	0	0	0	0
677	FSW	VHStat_H48-55	0	7	0	1	102	1	0xFF	0	%04X	%d	0	0	1	na	%d	0	0	1	0	0	0	0	0	0	0	0	0	0	0	0	0
678	FSW	VHStat_H56-63	0	7	0	1	103	1	0xFF	0	%04X	%d	0	0	1	na	%d	0	0	1	0	0	0	0	0	0	0	0	0	0	0	0	0
679	GPS	VHStat_V00-07	0	12	0	1	7	1	0xFF	0	%02X	%d	0	0	1	na	%d	0	0	1	0	0	0	0	0	0	0	0	0	0	0	0	0
680	GPS	VHStat_V08-15	0	12	0	1	8	1	0xFF	0	%02X	%d	0	0	1	na	%d	0	0	1	0	0	0	0	0	0	0	0	0	0	0	0	0
681	GPS	VHStat_V16-23	0	12	0	1	9	1	0xFF	0	%02X	%d	0	0	1	na	%d	0	0	1	0	0	0	0	0	0	0	0	0	0	0	0	0
682	GPS	VHStat_V24-31	0	12	0	1	10	1	0xFF	0	%02X	%d	0	0	1	na	%d	0	0	1	0	0	0	0	0	0	0	0	0	0	0	0	0
683	GPS	VHStat_V32-39	0	12	0	1	11	1	0xFF	0	%02X	%d	0	0	1	na	%d	0	0	1	0	0	0	0	0	0	0	0	0	0	0	0	0
684	GPS	VHStat_V40-47	0	12	0	1	12	1	0xFF	0	%02X	%d	0	0	1	na	%d	0	0	1	0	0	0	0	0	0	0	0	0	0	0	0	0
685	GPS	VHStat_V48-52+	0	12	0	1	13	1	0xFF	0	%02X	%d	0	0	1	na	%d	0	0	1	0	0	0	0	0	0	0	0	0	0	0	0	0
700	TM	TMSync	0	9	0	1	0	4	0xFFFFFFFF	0	%08X	%d	0	0	1	na	%d	0	0	1	0	0	0	0	0	0	0	0	0	0	0	0	0
701	TM	TMTick	0	9	0	1	4	4	0xFFFFFFFF	0	%d	%d	0	0	1	sec	%.2f	1	0	0.02	0	0	0	0	0	0	0	0	0	0	0	0	0
702	TM	TMSystemID	0	9	0	1	8	4	0xFFFFFFFF	0	%08X	%d	0	0	1	na	%d	0	0	1	0	0	0	0	0	0	0	0	0	0	0	0	0
703	TM	TMMarker	0	9	0	1	12	4	0xFFFFFFFF	0	%08X	%.0f	0	0	1	na	%.0f	0	0	1	0	0	0	0	0	0	0	0	0	0	0	0	0
704	TM	TMMarkerText	0	9	0	6	16	41	0	0	%s	%s	0	0	1	na	%s	0	0	1	0	0	0	0	0	0	0	0	0	0	0	0	0
762	FSW	VHUpdateIPs	0	7	0	1	94	1	0xFF	0	%d	%d	0	0	1	na	%d	0	0	1	0	0	0	0	0	0	0	0	0	0	0	0	0
763	FSW	LastVHCmdSN	0	7	0	1	95	1	0xFF	0	%d	%d	0	0	1	na	%d	0	0	1	0	0	0	0	0	0	0	0	0	0	0	0	0
764	FSW	HTRSENSE0	0	7	0	1	96	1	0x01	0	%d	%d	0	0	1	na	%d	0	0	1	0	0	0	0	0	0	0	0	0	0	0	0	0
765	FSW	HTRSENSE1	0	7	0	1	96	1	0x02	1	%d	%d	0	0	1	na	%d	0	0	1	0	0	0	0	0	0	0	0	0	0	0	0	0
766	FSW	HTRSENSE2	0	7	0	1	96	1	0x04	2	%d	%d	0	0	1	na	%d	0	0	1	0	0	0	0	0	0	0	0	0	0	0	0	0
767	FSW	HTRSENSE3	0	7	0	1	96	1	0x08	3	%d	%d	0	0	1	na	%d	0	0	1	0	0	0	0	0	0	0	0	0	0	0	0	0
768	FSW	HTRSENSE4	0	7	0	1	96	1	0x10	4	%d	%d	0	0	1	na	%d	0	0	1	0	0	0	0	0	0	0	0	0	0	0	0	0
769	FSW	HTRSENSE5	0	7	0	1	96	1	0x20	5	%d	%d	0	0	1	na	%d	0	0	1	0	0	0	0	0	0	0	0	0	0	0	0	0
770	FSW	HTRSENSE6	0	7	0	1	96	1	0x40	6	%d	%d	0	0	1	na	%d	0	0	1	0	0	0	0	0	0	0	0	0	0	0	0	0
771	FSW	HTRSENSE7	0	7	0	1	96	1	0x80	7	%d	%d	0	0	1	na	%d	0	0	1	0	0	0	0	0	0	0	0	0	0	0	0	0
772	FSW	HTRSENSE8	0	7	0	1	97	1	0x01	0	%d	%d	0	0	1	na	%d	0	0	1	0	0	0	0	0	0	0	0	0	0	0	0	0
773	FSW	HTRSENSE9	0	7	0	1	97	1	0x02	1	%d	%d	0	0	1	na	%d	0	0	1	0	0	0	0	0	0	0	0	0	0	0	0	0
774	FSW	HTRSENSE10	0	7	0	1	97	1	0x04	2	%d	%d	0	0	1	na	%d	0	0	1	0	0	0	0	0	0	0	0	0	0	0	0	0
775	FSW	HTRSENSE11	0	7	0	1	97	1	0x08	3	%d	%d	0	0	1	na	%d	0	0	1	0	0	0	0	0	0	0	0	0	0	0	0	0
776	FSW	HTRSENSE12	0	7	0	1	97	1	0x10	4	%d	%d	0	0	1	na	%d	0	0	1	0	0	0	0	0	0	0	0	0	0	0	0	0
777	FSW	HTRSENSE13	0	7	0	1	97	1	0x20	5	%d	%d	0	0	1	na	%d	0	0	1	0	0	0	0	0	0	0	0	0	0	0	0	0
778	FSW	HTRSENSE14	0	7	0	1	97	1	0x40	6	%d	%d	0	0	1	na	%d	0	0	1	0	0	0	0	0	0	0	0	0	0	0	0	0
779	FSW	HTRSENSE15	0	7	0	1	97	1	0x80	7	%d	%d	0	0	1	na	%d	0	0	1	0	0	0	0	0	0	0	0	0	0	0	0	0
780	FSW	HTRSENSE16	0	7	0	1	98	1	0x01	0	%d	%d	0	0	1	na	%d	0	0	1	0	0	0	0	0	0	0	0	0	0	0	0	0
781	FSW	HTRSENSE17	0	7	0	1	98	1	0x02	1	%d	%d	0	0	1	na	%d	0	0	1	0	0	0	0	0	0	0	0	0	0	0	0	0
782	FSW	HTRSENSE18	0	7	0	1	98	1	0x04	2	%d	%d	0	0	1	na	%d	0	0	1	0	0	0	0	0	0	0	0	0	0	0	0	0
783	FSW	HTRSENSE19	0	7	0	1	98	1	0x08	3	%d	%d	0	0	1	na	%d	0	0	1	0	0	0	0	0	0	0	0	0	0	0	0	0
784	FSW	HTRSENSE20	0	7	0	1	98	1	0x10	4	%d	%d	0	0	1	na	%d	0	0	1	0	0	0	0	0	0	0	0	0	0	0	0	0
785	FSW	HTRSENSE21	0	7	0	1	98	1	0x20	5	%d	%d	0	0	1	na	%d	0	0	1	0	0	0	0	0	0	0	0	0	0	0	0	0
786	FSW	HTRSENSE22	0	7	0	1	98	1	0x40	6	%d	%d	0	0	1	na	%d	0	0	1	0	0	0	0	0	0	0	0	0	0	0	0	0
787	FSW	HTRSENSE23	0	7	0	1	98	1	0x80	7	%d	%d	0	0	1	na	%d	0	0	1	0	0	0	0	0	0	0	0	0	0	0	0	0
788	FSW	HTRSENSE24	0	7	0	1	99	1	0x01	0	%d	%d	0	0	1	na	%d	0	0	1	0	0	0	0	0	0	0	0	0	0	0	0	0
789	FSW	HTRSENSE25	0	7	0	1	99	1	0x02	1	%d	%d	0	0	1	na	%d	0	0	1	0	0	0	0	0	0	0	0	0	0	0	0	0
790	FSW	HTRSENSE26	0	7	0	1	99	1	0x04	2	%d	%d	0	0	1	na	%d	0	0	1	0	0	0	0	0	0	0	0	0	0	0	0	0
791	FSW	HTRSENSE27	0	7	0	1	99	1	0x08	3	%d	%d	0	0	1	na	%d	0	0	1	0	0	0	0	0	0	0	0	0	0	0	0	0
792	FSW	HTRSENSE28	0	7	0	1	99	1	0x10	4	%d	%d	0	0	1	na	%d	0	0	1	0	0	0	0	0	0	0	0	0	0	0	0	0
793	FSW	HTRSENSE29	0	7	0	1	99	1	0x20	5	%d	%d	0	0	1	na	%d	0	0	1	0	0	0	0	0	0	0	0	0	0	0	0	0
794	FSW	HTRSENSE30	0	7	0	1	99	1	0x40	6	%d	%d	0	0	1	na	%d	0	0	1	0	0	0	0	0	0	0	0	0	0	0	0	0
795	FSW	HTRSENSE31	0	7	0	1	99	1	0x80	7	%d	%d	0	0	1	na	%d	0	0	1	0	0	0	0	0	0	0	0	0	0	0	0	0
796	FSW	HTRSENSE32	0	7	0	1	100	1	0x01	0	%d	%d	0	0	1	na	%d	0	0	1	0	0	0	0	0	0	0	0	0	0	0	0	0
797	FSW	HTRSENSE33	0	7	0	1	100	1	0x02	1	%d	%d	0	0	1	na	%d	0	0	1	0	0	0	0	0	0	0	0	0	0	0	0	0
798	FSW	HTRSENSE34	0	7	0	1	100	1	0x04	2	%d	%d	0	0	1	na	%d	0	0	1	0	0	0	0	0	0	0	0	0	0	0	0	0
799	FSW	HTRSENSE35	0	7	0	1	100	1	0x08	3	%d	%d	0	0	1	na	%d	0	0	1	0	0	0	0	0	0	0	0	0	0	0	0	0
800	FSW	HTRSENSE36	0	7	0	1	100	1	0x10	4	%d	%d	0	0	1	na	%d	0	0	1	0	0	0	0	0	0	0	0	0	0	0	0	0
801	FSW	HTRSENSE37	0	7	0	1	100	1	0x20	5	%d	%d	0	0	1	na	%d	0	0	1	0	0	0	0	0	0	0	0	0	0	0	0	0
802	FSW	HTRSENSE38	0	7	0	1	100	1	0x40	6	%d	%d	0	0	1	na	%d	0	0	1	0	0	0	0	0	0	0	0	0	0	0	0	0
803	FSW	HTRSENSE39	0	7	0	1	100	1	0x80	7	%d	%d	0	0	1	na	%d	0	0	1	0	0	0	0	0	0	0	0	0	0	0	0	0
804	FSW	HTRSENSE40	0	7	0	1	101	1	0x01	0	%d	%d	0	0	1	na	%d	0	0	1	0	0	0	0	0	0	0	0	0	0	0	0	0
805	FSW	HTRSENSE41	0	7	0	1	101	1	0x02	1	%d	%d	0	0	1	na	%d	0	0	1	0	0	0	0	0	0	0	0	0	0	0	0	0
806	FSW	HTRSENSE42	0	7	0	1	101	1	0x04	2	%d	%d	0	0	1	na	%d	0	0	1	0	0	0	0	0	0	0	0	0	0	0	0	0
807	FSW	HTRSENSE43	0	7	0	1	101	1	0x08	3	%d	%d	0	0	1	na	%d	0	0	1	0	0	0	0	0	0	0	0	0	0	0	0	0
808	FSW	HTRSENSE44	0	7	0	1	101	1	0x10	4	%d	%d	0	0	1	na	%d	0	0	1	0	0	0	0	0	0	0	0	0	0	0	0	0
809	FSW	HTRSENSE45	0	7	0	1	101	1	0x20	5	%d	%d	0	0	1	na	%d	0	0	1	0	0	0	0	0	0	0	0	0	0	0	0	0
810	FSW	HTRSENSE46	0	7	0	1	101	1	0x40	6	%d	%d	0	0	1	na	%d	0	0	1	0	0	0	0	0	0	0	0	0	0	0	0	0
811	FSW	HTRSENSE47	0	7	0	1	101	1	0x80	7	%d	%d	0	0	1	na	%d	0	0	1	0	0	0	0	0	0	0	0	0	0	0	0	0
812	FSW	HTRSENSE48	0	7	0	1	102	1	0x01	0	%d	%d	0	0	1	na	%d	0	0	1	0	0	0	0	0	0	0	0	0	0	0	0	0
813	FSW	HTRSENSE49	0	7	0	1	102	1	0x02	1	%d	%d	0	0	1	na	%d	0	0	1	0	0	0	0	0	0	0	0	0	0	0	0	0
814	FSW	HTRSENSE50	0	7	0	1	102	1	0x04	2	%d	%d	0	0	1	na	%d	0	0	1	0	0	0	0	0	0	0	0	0	0	0	0	0
815	FSW	HTRSENSE51	0	7	0	1	102	1	0x08	3	%d	%d	0	0	1	na	%d	0	0	1	0	0	0	0	0	0	0	0	0	0	0	0	0
816	FSW	HTRSENSE52	0	7	0	1	102	1	0x10	4	%d	%d	0	0	1	na	%d	0	0	1	0	0	0	0	0	0	0	0	0	0	0	0	0
817	FSW	HTRSENSE53	0	7	0	1	102	1	0x20	5	%d	%d	0	0	1	na	%d	0	0	1	0	0	0	0	0	0	0	0	0	0	0	0	0
818	FSW	HTRSENSE54	0	7	0	1	102	1	0x40	6	%d	%d	0	0	1	na	%d	0	0	1	0	0	0	0	0	0	0	0	0	0	0	0	0
819	FSW	HTRSENSE55	0	7	0	1	102	1	0x80	7	%d	%d	0	0	1	na	%d	0	0	1	0	0	0	0	0	0	0	0	0	0	0	0	0
820	FSW	HTRSENSE56	0	7	0	1	103	1	0x01	0	%d	%d	0	0	1	na	%d	0	0	1	0	0	0	0	0	0	0	0	0	0	0	0	0
821	FSW	HTRSENSE57	0	7	0	1	103	1	0x02	1	%d	%d	0	0	1	na	%d	0	0	1	0	0	0	0	0	0	0	0	0	0	0	0	0
822	FSW	HTRSENSE58	0	7	0	1	103	1	0x04	2	%d	%d	0	0	1	na	%d	0	0	1	0	0	0	0	0	0	0	0	0	0	0	0	0
823	FSW	HTRSENSE59	0	7	0	1	103	1	0x08	3	%d	%d	0	0	1	na	%d	0	0	1	0	0	0	0	0	0	0	0	0	0	0	0	0
824	FSW	TECBSENSE	0	7	0	1	103	1	0x10	4	%d	%d	0	0	1	na	%d	0	0	1	0	0	0	0	0	0	0	0	0	0	0	0	0
825	FSW	TECASENSE	0	7	0	1	103	1	0x20	5	%d	%d	0	0	1	na	%d	0	0	1	0	0	0	0	0	0	0	0	0	0	0	0	0
826	FSW	SSITBSENSE	0	7	0	1	103	1	0x40	6	%d	%d	0	0	1	na	%d	0	0	1	0	0	0	0	0	0	0	0	0	0	0	0	0
827	FSW	SSITASENSE	0	7	0	1	103	1	0x80	7	%d	%d	0	0	1	na	%d	0	0	1	0	0	0	0	0	0	0	0	0	0	0	0	0
828	FSW	LibCSum	0	7	0	1	108	4	0xFFFFFFFF	0	%08X	%d	0	0	1	na	%d	0	0	1	0	0	0	0	0	0	0	0	0	0	0	0	0
830	FSW	HTRSENSEB0	0	7	0	1	96	1	0xFF	0	%02X	%d	0	0	1	na	%d	0	0	1	0	0	0	0	0	0	0	0	0	0	0	0	0
831	FSW	HTRSENSEB1	0	7	0	1	97	1	0xFF	0	%02X	%d	0	0	1	na	%d	0	0	1	0	0	0	0	0	0	0	0	0	0	0	0	0
832	FSW	HTRSENSEB2	0	7	0	1	98	1	0xFF	0	%02X	%d	0	0	1	na	%d	0	0	1	0	0	0	0	0	0	0	0	0	0	0	0	0
833	FSW	HTRSENSEB3	0	7	0	1	99	1	0xFF	0	%02X	%d	0	0	1	na	%d	0	0	1	0	0	0	0	0	0	0	0	0	0	0	0	0
834	FSW	HTRSENSEB4	0	7	0	1	100	1	0xFF	0	%02X	%d	0	0	1	na	%d	0	0	1	0	0	0	0	0	0	0	0	0	0	0	0	0
835	FSW	HTRSENSEB5	0	7	0	1	101	1	0xFF	0	%02X	%d	0	0	1	na	%d	0	0	1	0	0	0	0	0	0	0	0	0	0	0	0	0
836	FSW	HTRSENSEB6	0	7	0	1	102	1	0xFF	0	%02X	%d	0	0	1	na	%d	0	0	1	0	0	0	0	0	0	0	0	0	0	0	0	0
837	FSW	HTRSENSEB7	0	7	0	1	103	1	0xFF	0	%02X	%d	0	0	1	na	%d	0	0	1	0	0	0	0	0	0	0	0	0	0	0	0	0
838	FSW	VLVSENSEB0	0	12	0	1	0	1	0xFF	0	%02X	%d	0	0	1	na	%d	0	0	1	0	0	0	0	0	0	0	0	0	0	0	0	0
839	FSW	VLVSENSEB1	0	12	0	1	1	1	0xFF	0	%02X	%d	0	0	1	na	%d	0	0	1	0	0	0	0	0	0	0	0	0	0	0	0	0
840	FSW	VLVSENSEB2	0	12	0	1	2	1	0xFF	0	%02X	%d	0	0	1	na	%d	0	0	1	0	0	0	0	0	0	0	0	0	0	0	0	0
841	FSW	VLVSENSEB3	0	12	0	1	3	1	0xFF	0	%02X	%d	0	0	1	na	%d	0	0	1	0	0	0	0	0	0	0	0	0	0	0	0	0
842	FSW	VLVSENSEB4	0	12	0	1	4	1	0xFF	0	%02X	%d	0	0	1	na	%d	0	0	1	0	0	0	0	0	0	0	0	0	0	0	0	0
843	FSW	VLVSENSEB5	0	12	0	1	5	1	0xFF	0	%02X	%d	0	0	1	na	%d	0	0	1	0	0	0	0	0	0	0	0	0	0	0	0	0
844	FSW	VLVSENSEB6	0	12	0	1	6	1	0xFF	0	%02X	%d	0	0	1	na	%d	0	0	1	0	0	0	0	0	0	0	0	0	0	0	0	0
903	FSW	GoodITFs	0	7	0	1	4	2	0xFFFF	0	%d	%d	0	0	1	na	%d	0	0	1	0	0	0	0	0	0	0	0	0	0	0	0	0
904	FSW	BadITFs	0	7	0	1	6	2	0xFFFF	0	%d	%d	0	0	1	na	%d	0	0	1	0	0	0	0	0	0	0	0	0	0	0	0	0
905	FSW	LastOpCode	0	7	0	1	8	1	0xFF	0	%d	%d	0	0	1	na	%d	0	0	1	0	0	0	0	0	0	0	0	0	0	0	0	0
906	FSW	ResetType	0	7	0	1	9	1	0xFF	0	%d	%d	0	0	1	na	%d	0	0	1	0	0	0	0	0	0	0	0	0	0	0	0	0
907	FSW	RunStatus	0	7	0	1	10	2	0xFFFF	0	%d	%d	0	0	1	na	%d	0	0	1	0	0	0	0	0	0	0	0	0	0	0	0	0
909	FSW	CodeCSum	0	7	0	1	12	4	0xFFFFFFFF	0	%08X	%d	0	0	1	na	%d	0	0	1	0	0	0	0	0	0	0	0	0	0	0	0	0
911	FSW	FlashWritten	0	7	0	1	16	4	0xFFFFFFFF	0	%d	%d	0	0	1	na	%d	0	0	1	0	0	0	0	0	0	0	0	0	0	0	0	0
913	FSW	FlashFree	0	7	0	1	20	4	0xFFFFFFFF	0	%d	%d	0	0	1	na	%d	0	0	1	0	0	0	0	0	0	0	0	0	0	0	0	0
915	FSW	FlashReadPtr	0	7	0	1	24	4	0xFFFFFFFF	0	%08X	%d	0	0	1	na	%d	0	0	1	0	0	0	0	0	0	0	0	0	0	0	0	0
917	FSW	FlashWritePtr	0	7	0	1	28	4	0xFFFFFFFF	0	%08X	%d	0	0	1	na	%d	0	0	1	0	0	0	0	0	0	0	0	0	0	0	0	0
918	FSW	FlashBadBlks	0	7	0	1	32	4	0xFFFFFFFF	0	%d	%d	0	0	1	na	%d	0	0	1	0	0	0	0	0	0	0	0	0	0	0	0	0
920	FSW	ColdfirePPort	0	7	0	1	36	4	0xFFFFFFFF	0	%08X	%d	0	0	1	na	%d	0	0	1	0	0	0	0	0	0	0	0	0	0	0	0	0
921	FSW	PSStatus	0	7	0	1	40	1	0xFF	0	%02X	%d	0	0	1	na	%d	0	0	1	0	0	0	0	0	0	0	0	0	0	0	0	0
922	FSW	Reserved	0	7	0	1	41	2	0xFFFF	0	%d	%d	0	0	1	na	%d	0	0	1	0	0	0	0	0	0	0	0	0	0	0	0	0
923	FSW	MemPoolStat	0	7	0	1	43	1	0xFF	0	%02X	%d	0	0	1	na	%d	0	0	1	0	0	0	0	0	0	0	0	0	0	0	0	0
925	FSW	BytesAlloc	0	7	0	1	44	4	0xFFFFFFFF	0	%d	%d	0	0	1	na	%d	0	0	1	0	0	0	0	0	0	0	0	0	0	0	0	0
927	FSW	BytesFree	0	7	0	1	48	4	0xFFFFFFFF	0	%d	%d	0	0	1	na	%d	0	0	1	0	0	0	0	0	0	0	0	0	0	0	0	0
929	FSW	LargestFreeBlk	0	7	0	1	52	4	0xFFFFFFFF	0	%d	%d	0	0	1	na	%d	0	0	1	0	0	0	0	0	0	0	0	0	0	0	0	0
931	FSW	NumAllocs	0	7	0	1	56	4	0xFFFFFFFF	0	%d	%d	0	0	1	na	%d	0	0	1	0	0	0	0	0	0	0	0	0	0	0	0	0
933	FSW	NumFrees	0	7	0	1	60	4	0xFFFFFFFF	0	%d	%d	0	0	1	na	%d	0	0	1	0	0	0	0	0	0	0	0	0	0	0	0	0
934	FSW	LimitChkStat	0	7	0	1	64	1	0xFF	0	%02X	%d	0	0	1	na	%d	0	0	1	0	0	0	0	0	0	0	0	0	0	0	0	0
935	FSW	SysAlarmLvl	0	7	0	1	65	1	0xFF	0	%d	%d	0	0	1	na	%d	0	0	1	0	0	0	0	0	0	0	0	0	0	0	0	0
936	FSW	NumLimitChk	0	7	0	1	66	2	0xFFFF	0	%d	%d	0	0	1	na	%d	0	0	1	0	0	0	0	0	0	0	0	0	0	0	0	0
937	FSW	NumEnabled	0	7	0	1	68	2	0xFFFF	0	%d	%d	0	0	1	na	%d	0	0	1	0	0	0	0	0	0	0	0	0	0	0	0	0
938	FSW	NumAlarmed	0	7	0	1	70	2	0xFFFF	0	%d	%d	0	0	1	na	%d	0	0	1	0	0	0	0	0	0	0	0	0	0	0	0	0
940	FSW	DwellAddr	0	7	0	1	72	4	0xFFFFFFFF	0	%08X	%d	0	0	1	na	%d	0	0	1	0	0	0	0	0	0	0	0	0	0	0	0	0
942	FSW	DwellMon	0	7	0	1	76	4	0xFFFFFFFF	0	%08X	%d	0	0	1	na	%d	0	0	1	0	0	0	0	0	0	0	0	0	0	0	0	0
944	FSW	ScriptCSum	0	7	0	1	104	4	0xFFFFFFFF	0	%08X	%d	0	0	1	na	%d	0	0	1	0	0	0	0	0	0	0	0	0	0	0	0	0
945	FSW	PSAUX1_On	0	7	0	1	40	1	0x01	0	%02X	%d	0	0	1	na	%d	0	0	1	0	0	0	0	0	0	0	0	0	0	0	0	0
946	FSW	PSAUX2_On	0	7	0	1	40	1	0x02	1	%02X	%d	0	0	1	na	%d	0	0	1	0	0	0	0	0	0	0	0	0	0	0	0	0
947	FSW	PSAUX1_OverI	0	7	0	1	40	1	0x04	2	%02X	%d	0	0	1	na	%d	0	0	1	0	0	0	0	0	0	0	0	0	0	0	0	0
948	FSW	PSAUX2_OverI	0	7	0	1	40	1	0x08	3	%02X	%d	0	0	1	na	%d	0	0	1	0	0	0	0	0	0	0	0	0	0	0	0	0
949	FSW	PSGC_Analog_On	0	7	0	1	40	1	0x80	7	%02X	%d	0	0	1	na	%d	0	0	1	0	0	0	0	0	0	0	0	0	0	0	0	0
950	FSW	PSOverI_OverRide	0	7	0	1	40	1	0x10	4	%02X	%d	0	0	1	na	%d	0	0	1	0	0	0	0	0	0	0	0	0	0	0	0	0
1000	RSIM	RS_FPGA	0	11	0	1	1	1	0xFF	0	%d	na	0	0	0	na	na	0	0	0	0	0	0	0	0	0	0	0	0	0	0	0	0
1001	RSIM	HSS	0	11	0	1	2	1	0xFF	0	%d	na	0	0	0	na	na	0	0	0	0	0	0	0	0	0	0	0	0	0	0	0	0
1002	RSIM	Main	0	11	0	1	3	1	0xFF	0	%d	na	0	0	0	na	na	0	0	0	0	0	0	0	0	0	0	0	0	0	0	0	0
1003	RSIM	Aux	0	11	0	1	4	1	0xFF	0	%d	na	0	0	0	na	na	0	0	0	0	0	0	0	0	0	0	0	0	0	0	0	0
1004	RSIM	PS_T	0	11	0	1	5	2	0xFFF	0	%d	%.4f	1	0.2186	3.81834E-05	C	%.2f	5	2320	-241.612	0.230378	1.12467E-05	0	0	0	0	0	0	0	0	0	0	0
1005	RSIM	QMS_T	0	11	0	1	7	2	0xFFF	0	%d	%.4f	1	0.2186	3.81834E-05	C	%.2f	5	2320	-241.612	0.230378	1.12467E-05	0	0	0	0	0	0	0	0	0	0	0
1006	RSIM	TEC_T	0	11	0	1	9	2	0xFFF	0	%d	%.4f	1	0.2186	3.81834E-05	C	%.2f	5	2320	-241.612	0.230378	1.12467E-05	0	0	0	0	0	0	0	0	0	0	0
1007	RSIM	TLS_T	0	11	0	1	11	2	0xFFF	0	%d	%.4f	1	0.2186	3.81834E-05	C	%.2f	5	2320	-241.612	0.230378	1.12467E-05	0	0	0	0	0	0	0	0	0	0	0
1008	RSIM	Main_I	0	11	0	1	13	2	0xFFF	0	%d	%.3f	1	0	0.00402832	A	%.3f	1	0	1	0	0	0	0	0	0	0	0	0	0	0	0	0
1009	RSIM	Aux_I	0	11	0	1	15	2	0xFFF	0	%d	%.3f	1	0	0.00402832	A	%.3f	1	0	1	0	0	0	0	0	0	0	0	0	0	0	0	0
1010	RSIM	Htr_I	0	11	0	1	17	2	0xFFF	0	%d	%.3f	1	0	0.00402832	A	%.3f	1	0	1	0	0	0	0	0	0	0	0	0	0	0	0	0
1011	RSIM	Supp_On	0	11	0	1	19	1	0xFF	0	%d	%.0f	1	0	1	na	%.0f	1	0	1	0	0	0	0	0	0	0	0	0	0	0	0	0
1012	RSIM	Supply_V	0	11	0	1	20	2	0xFFFF	0	%d	%.3f	1	0	0.000762951	V	%.3f	1	0	1	0	0	0	0	0	0	0	0	0	0	0	0	0
1013	RSIM	Supply_I	0	11	0	1	22	2	0xFFFF	0	%d	%.3f	1	0	0.000762951	A	%.3f	1	0	1	0	0	0	0	0	0	0	0	0	0	0	0	0
1014	RSIM	Supply_I_Lim	0	11	0	1	24	2	0xFFFF	0	%d	%.3f	1	0	0.000762951	A	%.3f	1	0	1	0	0	0	0	0	0	0	0	0	0	0	0	0
0	GC	TCD_OFFSET_MSB	0	3	5	12	6	1	0xF0	4	%d	na	0	0	0	na	na	0	0	0	0	0	0	0	0	0	0	0	0	0	0	0	0
0	GC	TCD_OFFSET_LSB	0	3	5	12	20	1	0xFF	0	%d	na	0	0	0	na	na	0	0	0	0	0	0	0	0	0	0	0	0	0	0	0	0
0	GC	ADC_HI_REF_odd_msb	0	3	5	12	19	1	0xFF	0	%u	%.2f	0	0	0	na	na	0	0	0	0	0	0	0	0	0	0	0	0	0	0	0	0
0	GC	ADC_HI_REF_odd_lsb	0	3	5	12	21	1	0xFF	0	%u	%.2f	0	0	0	na	na	0	0	0	0	0	0	0	0	0	0	0	0	0	0	0	0
0	GC	+1.5V_even_msb	0	3	5	12	19	1	0xFF	0	%u	%.0f	0	0	0	V	%.3f	0	0	0	0	0	0	0	0	0	0	0	0	0	0	0	0
0	GC	+1.5V_even_lsb	0	3	5	12	21	1	0xFF	0	%u	%.2f	0	0	0	V	%.3f	0	0	0	0	0	0	0	0	0	0	0	0	0	0	0	0
0	QMS	Mux1	0	6	0	1	33	1	0xFF	0	%d	na	0	0	0	na	na	0	0	0	0	0	0	0	0	0	0	0	0	0	0	0	0
0	QMS	Mux2	0	6	0	1	34	1	0xFF	0	%d	na	0	0	0	na	na	0	0	0	0	0	0	0	0	0	0	0	0	0	0	0	0
0	QMS	PYROL-1V	0	5	0	4	0x07	0x01	0	0	%d	%.4f	2	1	10	C	%.2f	1	0	0.001	0	0	0	0	0	0	0	0	0	0	0	0	0
0	QMS	GET-1V	0	5	0	4	0x07	0x02	0	0	%d	%.4f	2	1	10	C	%.2f	4	32768	18700	0.0010295	0.0002391	1.568E-07	0	0	0	0	0	0	0	0	0	0
0	QMS	QH-1V	0	5	0	4	0x07	0x03	0	0	%d	%.4f	2	1	10	C	%.2f	4	32768	18700	0.0010295	0.0002391	1.568E-07	0	0	0	0	0	0	0	0	0	0
0	QMS	GC-1V	0	5	0	4	0x07	0x04	0	0	%d	%.4f	2	1	10	C	%.2f	4	32768	18700	0.0010295	0.0002391	1.568E-07	0	0	0	0	0	0	0	0	0	0
0	QMS	GC-2V	0	5	0	4	0x07	0x05	0	0	%d	%.4f	2	1	10	C	%.2f	4	32768	18700	0.0010295	0.0002391	1.568E-07	0	0	0	0	0	0	0	0	0	0
0	QMS	GC-3V	0	5	0	4	0x07	0x06	0	0	%d	%.4f	2	1	10	C	%.2f	4	32768	18700	0.0010295	0.0002391	1.568E-07	0	0	0	0	0	0	0	0	0	0
0	QMS	PYROL-2V	0	5	0	4	0x38	0x08	0	0	%d	%.4f	2	1	10	C	%.2f	4	32768	18700	0.0010295	0.0002391	1.568E-07	0	0	0	0	0	0	0	0	0	0
0	QMS	GET-2V	0	5	0	4	0x38	0x10	0	0	%d	%.4f	2	1	10	C	%.2f	1	0	0.001	0	0	0	0	0	0	0	0	0	0	0	0	0
0	QMS	QH-2V	0	5	0	4	0x38	0x18	0	0	%d	%.4f	2	1	10	C	%.2f	4	18700	0.0010295	0.0002391	1.568E-07	0	0	0	0	0	0	0	0	0	0	0
0	QMS	GC-4V	0	5	0	4	0x38	0x20	0	0	%d	%.4f	2	1	10	C	%.2f	4	18700	0.0010295	0.0002391	1.568E-07	0	0	0	0	0	0	0	0	0	0	0
0	QMS	GC-5V	0	5	0	4	0x38	0x28	0	0	%d	%.4f	2	1	10	C	%.2f	4	18700	0.0010295	0.0002391	1.568E-07	0	0	0	0	0	0	0	0	0	0	0
0	QMS	GC-6V	0	5	0	4	0x38	0x30	0	0	%d	%.4f	2	1	10	C	%.2f	4	18700	0.0010295	0.0002391	1.568E-07	0	0	0	0	0	0	0	0	0	0	0
0	FSW	VHStat_V00-07	0	7	0	1	87	1	0xFF	0	%04X	%d	0	0	1	na	%d	0	0	1	0	0	0	0	0	0	0	0	0	0	0	0	0
0	FSW	VHStat_V08-15	0	7	0	1	88	1	0xFF	0	%04X	%d	0	0	1	na	%d	0	0	1	0	0	0	0	0	0	0	0	0	0	0	0	0
0	FSW	VHStat_V16-23	0	7	0	1	89	1	0xFF	0	%04X	%d	0	0	1	na	%d	0	0	1	0	0	0	0	0	0	0	0	0	0	0	0	0
0	FSW	VHStat_V24-31	0	7	0	1	90	1	0xFF	0	%04X	%d	0	0	1	na	%d	0	0	1	0	0	0	0	0	0	0	0	0	0	0	0	0
0	FSW	VHStat_V32-39	0	7	0	1	91	1	0xFF	0	%04X	%d	0	0	1	na	%d	0	0	1	0	0	0	0	0	0	0	0	0	0	0	0	0
0	FSW	VHStat_V40-47	0	7	0	1	92	1	0xFF	0	%04X	%d	0	0	1	na	%d	0	0	1	0	0	0	0	0	0	0	0	0	0	0	0	0
0	FSW	VHStat_V48-52+	0	7	0	1	93	1	0xFF	0	%04X	%d	0	0	1	na	%d	0	0	1	0	0	0	0	0	0	0	0	0	0	0	0	0
0	FSW	VHCmd_V00-07	0	7	0	1	80	1	0xFF	0	%04X	%d	0	0	1	na	%d	0	0	1	0	0	0	0	0	0	0	0	0	0	0	0	0
0	FSW	VHCmd_V08-15	0	7	0	1	81	1	0xFF	0	%04X	%d	0	0	1	na	%d	0	0	1	0	0	0	0	0	0	0	0	0	0	0	0	0
0	FSW	VHCmd_V16-23	0	7	0	1	82	1	0xFF	0	%04X	%d	0	0	1	na	%d	0	0	1	0	0	0	0	0	0	0	0	0	0	0	0	0
0	FSW	VHCmd_V24-31	0	7	0	1	83	1	0xFF	0	%04X	%d	0	0	1	na	%d	0	0	1	0	0	0	0	0	0	0	0	0	0	0	0	0
0	FSW	VHCmd_V32-39	0	7	0	1	84	1	0xFF	0	%04X	%d	0	0	1	na	%d	0	0	1	0	0	0	0	0	0	0	0	0	0	0	0	0
0	FSW	VHCmd_V40-47	0	7	0	1	85	1	0xFF	0	%04X	%d	0	0	1	na	%d	0	0	1	0	0	0	0	0	0	0	0	0	0	0	0	0
0	FSW	VHCmd_V48-52+	0	7	0	1	86	1	0xFF	0	%04X	%d	0	0	1	na	%d	0	0	1	0	0	0	0	0	0	0	0	0	0	0	0	0
0	FSW	31X (Vsw-1)	0	7	0	1	87	1	0x01	0	%d	%d	0	0	1	na	%d	0	0	1	0	0	0	0	0	0	0	0	0	0	0	0	0
0	FSW	44X (Vsw-2)	0	7	0	1	87	1	0x02	1	%d	%d	0	0	1	na	%d	0	0	1	0	0	0	0	0	0	0	0	0	0	0	0	0
0	FSW	29X (Vsw-3)	0	7	0	1	87	1	0x04	2	%d	%d	0	0	1	na	%d	0	0	1	0	0	0	0	0	0	0	0	0	0	0	0	0
0	FSW	30X (Vsw-4)	0	7	0	1	87	1	0x08	3	%d	%d	0	0	1	na	%d	0	0	1	0	0	0	0	0	0	0	0	0	0	0	0	0
0	FSW	32X (Vsw-5)	0	7	0	1	87	1	0x10	4	%d	%d	0	0	1	na	%d	0	0	1	0	0	0	0	0	0	0	0	0	0	0	0	0
0	FSW	33X (Vsw-6)	0	7	0	1	87	1	0x20	5	%d	%d	0	0	1	na	%d	0	0	1	0	0	0	0	0	0	0	0	0	0	0	0	0
0	FSW	51X (Vsw-7)	0	7	0	1	87	1	0x40	6	%d	%d	0	0	1	na	%d	0	0	1	0	0	0	0	0	0	0	0	0	0	0	0	0
0	FSW	52X (Vsw-8)	0	7	0	1	87	1	0x80	7	%d	%d	0	0	1	na	%d	0	0	1	0	0	0	0	0	0	0	0	0	0	0	0	0
0	FSW	50X (Vsw-9)	0	7	0	1	88	1	0x01	0	%d	%d	0	0	1	na	%d	0	0	1	0	0	0	0	0	0	0	0	0	0	0	0	0
0	FSW	13X (Vsw-10)	0	7	0	1	88	1	0x02	1	%d	%d	0	0	1	na	%d	0	0	1	0	0	0	0	0	0	0	0	0	0	0	0	0
0	FSW	14X (Vsw-11)	0	7	0	1	88	1	0x04	2	%d	%d	0	0	1	na	%d	0	0	1	0	0	0	0	0	0	0	0	0	0	0	0	0
0	FSW	15X (Vsw-12)	0	7	0	1	88	1	0x08	3	%d	%d	0	0	1	na	%d	0	0	1	0	0	0	0	0	0	0	0	0	0	0	0	0
0	FSW	16X (Vsw-13)	0	7	0	1	88	1	0x10	4	%d	%d	0	0	1	na	%d	0	0	1	0	0	0	0	0	0	0	0	0	0	0	0	0
0	FSW	17X (Vsw-14)	0	7	0	1	88	1	0x20	5	%d	%d	0	0	1	na	%d	0	0	1	0	0	0	0	0	0	0	0	0	0	0	0	0
0	FSW	18X (Vsw-15)	0	7	0	1	88	1	0x40	6	%d	%d	0	0	1	na	%d	0	0	1	0	0	0	0	0	0	0	0	0	0	0	0	0
0	FSW	19X (Vsw-16)	0	7	0	1	88	1	0x80	7	%d	%d	0	0	1	na	%d	0	0	1	0	0	0	0	0	0	0	0	0	0	0	0	0
0	FSW	20X (Vsw-17)	0	7	0	1	89	1	0x01	0	%d	%d	0	0	1	na	%d	0	0	1	0	0	0	0	0	0	0	0	0	0	0	0	0
0	FSW	21X (Vsw-18)	0	7	0	1	89	1	0x02	1	%d	%d	0	0	1	na	%d	0	0	1	0	0	0	0	0	0	0	0	0	0	0	0	0
0	FSW	22X (Vsw-19)	0	7	0	1	89	1	0x04	2	%d	%d	0	0	1	na	%d	0	0	1	0	0	0	0	0	0	0	0	0	0	0	0	0
0	FSW	23X (Vsw-20)	0	7	0	1	89	1	0x08	3	%d	%d	0	0	1	na	%d	0	0	1	0	0	0	0	0	0	0	0	0	0	0	0	0
0	FSW	24X (Vsw-21)	0	7	0	1	89	1	0x10	4	%d	%d	0	0	1	na	%d	0	0	1	0	0	0	0	0	0	0	0	0	0	0	0	0
0	FSW	25X (Vsw-22)	0	7	0	1	89	1	0x20	5	%d	%d	0	0	1	na	%d	0	0	1	0	0	0	0	0	0	0	0	0	0	0	0	0
0	FSW	26X (Vsw-23)	0	7	0	1	89	1	0x40	6	%d	%d	0	0	1	na	%d	0	0	1	0	0	0	0	0	0	0	0	0	0	0	0	0
0	FSW	27X (Vsw-24)	0	7	0	1	89	1	0x80	7	%d	%d	0	0	1	na	%d	0	0	1	0	0	0	0	0	0	0	0	0	0	0	0	0
0	FSW	37X (Vsw-25)	0	7	0	1	90	1	0x01	0	%d	%d	0	0	1	na	%d	0	0	1	0	0	0	0	0	0	0	0	0	0	0	0	0
0	FSW	38X (Vsw-26)	0	7	0	1	90	1	0x02	1	%d	%d	0	0	1	na	%d	0	0	1	0	0	0	0	0	0	0	0	0	0	0	0	0
0	FSW	39X (Vsw-27)	0	7	0	1	90	1	0x04	2	%d	%d	0	0	1	na	%d	0	0	1	0	0	0	0	0	0	0	0	0	0	0	0	0
0	FSW	40X (Vsw-28)	0	7	0	1	90	1	0x08	3	%d	%d	0	0	1	na	%d	0	0	1	0	0	0	0	0	0	0	0	0	0	0	0	0
0	FSW	41X (Vsw-29)	0	7	0	1	90	1	0x10	4	%d	%d	0	0	1	na	%d	0	0	1	0	0	0	0	0	0	0	0	0	0	0	0	0
0	FSW	42X (Vsw-30)	0	7	0	1	90	1	0x20	5	%d	%d	0	0	1	na	%d	0	0	1	0	0	0	0	0	0	0	0	0	0	0	0	0
0	FSW	43X (Vsw-31)	0	7	0	1	90	1	0x40	6	%d	%d	0	0	1	na	%d	0	0	1	0	0	0	0	0	0	0	0	0	0	0	0	0
0	FSW	PDBX (Vsw-32)	0	7	0	1	90	1	0x80	7	%d	%d	0	0	1	na	%d	0	0	1	0	0	0	0	0	0	0	0	0	0	0	0	0
0	FSW	1X (Vsw-33)	0	7	0	1	91	1	0x01	0	%d	%d	0	0	1	na	%d	0	0	1	0	0	0	0	0	0	0	0	0	0	0	0	0
0	FSW	4X (Vsw-34)	0	7	0	1	91	1	0x02	1	%d	%d	0	0	1	na	%d	0	0	1	0	0	0	0	0	0	0	0	0	0	0	0	0
0	FSW	5X (Vsw-35)	0	7	0	1	91	1	0x04	2	%d	%d	0	0	1	na	%d	0	0	1	0	0	0	0	0	0	0	0	0	0	0	0	0
0	FSW	28X (Vsw-36)	0	7	0	1	91	1	0x08	3	%d	%d	0	0	1	na	%d	0	0	1	0	0	0	0	0	0	0	0	0	0	0	0	0
0	FSW	2X (Vsw-37)	0	7	0	1	91	1	0x10	4	%d	%d	0	0	1	na	%d	0	0	1	0	0	0	0	0	0	0	0	0	0	0	0	0
0	FSW	11 (Vsw-38)	0	7	0	1	91	1	0x20	5	%d	%d	0	0	1	na	%d	0	0	1	0	0	0	0	0	0	0	0	0	0	0	0	0
0	FSW	12 (Vsw-39)	0	7	0	1	91	1	0x40	6	%d	%d	0	0	1	na	%d	0	0	1	0	0	0	0	0	0	0	0	0	0	0	0	0
0	FSW	6X (Vsw-40)	0	7	0	1	91	1	0x80	7	%d	%d	0	0	1	na	%d	0	0	1	0	0	0	0	0	0	0	0	0	0	0	0	0
0	FSW	35X (Vsw-41)	0	7	0	1	92	1	0x01	0	%d	%d	0	0	1	na	%d	0	0	1	0	0	0	0	0	0	0	0	0	0	0	0	0
0	FSW	36X (Vsw-42)	0	7	0	1	92	1	0x02	1	%d	%d	0	0	1	na	%d	0	0	1	0	0	0	0	0	0	0	0	0	0	0	0	0
0	FSW	3X (Vsw-43)	0	7	0	1	92	1	0x04	2	%d	%d	0	0	1	na	%d	0	0	1	0	0	0	0	0	0	0	0	0	0	0	0	0
0	FSW	34X_(Vsw-44)	0	7	0	1	92	1	0x08	3	%d	%d	0	0	1	na	%d	0	0	1	0	0	0	0	0	0	0	0	0	0	0	0	0
0	FSW	7 (Vsw-45)	0	7	0	1	92	1	0x10	4	%d	%d	0	0	1	na	%d	0	0	1	0	0	0	0	0	0	0	0	0	0	0	0	0
0	FSW	8 (Vsw-46)	0	7	0	1	92	1	0x20	5	%d	%d	0	0	1	na	%d	0	0	1	0	0	0	0	0	0	0	0	0	0	0	0	0
0	FSW	9 (Vsw-47)	0	7	0	1	92	1	0x40	6	%d	%d	0	0	1	na	%d	0	0	1	0	0	0	0	0	0	0	0	0	0	0	0	0
0	FSW	10 (Vsw-48)	0	7	0	1	92	1	0x80	7	%d	%d	0	0	1	na	%d	0	0	1	0	0	0	0	0	0	0	0	0	0	0	0	0
0	FSW	45X (Vsw-49)	0	7	0	1	93	1	0x01	0	%d	%d	0	0	1	na	%d	0	0	1	0	0	0	0	0	0	0	0	0	0	0	0	0
0	FSW	46X (Vsw-50)	0	7	0	1	93	1	0x02	1	%d	%d	0	0	1	na	%d	0	0	1	0	0	0	0	0	0	0	0	0	0	0	0	0
0	FSW	47X (Vsw-51)	0	7	0	1	93	1	0x04	2	%d	%d	0	0	1	na	%d	0	0	1	0	0	0	0	0	0	0	0	0	0	0	0	0
0	FSW	48X (Vsw-52)	0	7	0	1	93	1	0x08	3	%d	%d	0	0	1	na	%d	0	0	1	0	0	0	0	0	0	0	0	0	0	0	0	0
0	FSW	49X (Vsw-53)	0	7	0	1	93	1	0x10	3	%d	%d	0	0	1	na	%d	0	0	1	0	0	0	0	0	0	0	0	0	0	0	0	0
